S0		A0		S1		S2		S3		S4		A1		A2		A3		A4	
477  Points		478  Points		404  Points		288  Points		221  Points		174  Points		435  Points		354  Points		239  Points		178  Points	
Freq (MHz)	Vph (m/ms)	Freq (MHz)	Vph (m/ms)	Freq (MHz)	Vph (m/ms)	Freq (MHz)	Vph (m/ms)	Freq (MHz)	Vph (m/ms)	Freq (MHz)	Vph (m/ms)	Freq (MHz)	Vph (m/ms)	Freq (MHz)	Vph (m/ms)	Freq (MHz)	Vph (m/ms)	Freq (MHz)	Vph (m/ms)
0.0249836	3.81048	1.84169e-007	2.30048e-005	2.1949	600.358	2.20816	382.068	4.40003	615.782	6.5971	1047.72	1.10006	394.124	3.3	747.438	4.40007	762.796	5.5	14700.7
0.0529235	3.81022	1.44944e-007	9.44941e-006	2.18484	198.814	2.21868	169.199	4.40012	303.901	6.5938	483.774	1.1008	108.726	3.30002	280.89	4.40038	335.864	5.50004	713.599
0.0808565	3.80981	1.0572e-007	4.66295e-006	2.17497	118.704	2.2294	109.038	4.40026	201.735	6.5906	314.388	1.10237	63.145	3.30004	172.942	4.40092	215.362	5.50015	365.682
0.108778	3.80922	6.64953e-008	2.21609e-006	2.16532	84.3981	2.24031	80.6462	4.40047	150.983	6.58749	232.802	1.10478	44.5633	3.30008	124.932	4.4017	158.515	5.50033	245.834
0.136686	3.80848	0.00954035	0.255506	2.15587	65.3507	2.25141	64.1192	4.40073	120.638	6.58448	184.802	1.108	34.4908	3.30013	97.7862	4.40271	125.427	5.50059	185.158
0.164575	3.80756	0.0135985	0.304405	2.14665	53.2368	2.26268	53.3072	4.40106	100.453	6.58156	153.19	1.11203	28.1827	3.30019	80.3323	4.40395	103.781	5.50091	148.51
0.192442	3.80648	0.0183397	0.352649	2.13765	44.8558	2.27414	45.6844	4.40144	86.0574	6.57873	130.799	1.11684	23.8687	3.30027	68.1662	4.40544	88.5188	5.50131	123.976
0.220283	3.8052	0.0237437	0.400137	2.12887	38.7142	2.28578	40.0222	4.40189	75.2732	6.57599	114.107	1.12243	20.738	3.30037	59.2011	4.40715	77.1807	5.50178	106.402
0.248094	3.80376	0.02979	0.446811	2.12032	34.0216	2.29759	35.6514	4.40239	66.8933	6.57335	101.186	1.12877	18.3666	3.30048	52.3206	4.4091	68.427	5.50232	93.1952
0.275869	3.80213	0.0364546	0.492592	2.112	30.3204	2.30958	32.176	4.40295	60.1945	6.57079	90.8866	1.13584	16.5114	3.3006	46.8735	4.41127	61.4654	5.50293	82.9078
0.303607	3.80031	0.0437138	0.537427	2.10392	27.3275	2.32173	29.3471	4.40358	54.7173	6.56833	82.4856	1.14361	15.0229	3.30075	42.4542	4.41368	55.7976	5.50362	74.6684
0.331301	3.79831	0.051542	0.581264	2.09609	24.858	2.33404	27	4.40426	50.1555	6.56595	75.5026	1.15206	13.8041	3.30092	38.797	4.41631	51.0941	5.50437	67.921
0.358948	3.79612	0.0599135	0.624062	2.0885	22.7863	2.34652	25.0217	4.40501	46.2976	6.56366	69.6066	1.16116	12.7894	3.3011	35.7204	4.41918	47.1287	5.50521	62.2943
0.386542	3.79373	0.0688031	0.6658	2.08117	21.0242	2.35916	23.332	4.40582	42.9925	6.56147	64.5623	1.17089	11.9327	3.30132	33.0964	4.42226	43.7407	5.50611	57.5306
0.414079	3.79113	0.0781842	0.706448	2.07409	19.5075	2.37196	21.8722	4.40669	40.1293	6.55936	60.1979	1.18122	11.2008	3.30155	30.8321	4.42557	40.8131	5.50709	53.4457
0.441555	3.78833	0.0880307	0.745987	2.06728	18.1889	2.38491	20.5987	4.40762	37.6252	6.55733	56.3846	1.19211	10.5692	3.30182	28.8582	4.4291	38.2583	5.50814	49.9042
0.468962	3.78531	0.0983181	0.784418	2.06074	17.0324	2.39801	19.4781	4.40861	35.4166	6.5554	53.0244	1.20355	10.0192	3.30211	27.1224	4.43285	36.0096	5.50926	46.8047
0.496296	3.78208	0.109021	0.821732	2.05447	16.0102	2.41126	18.4847	4.40967	33.4542	6.55355	50.0411	1.21551	9.53656	3.30244	25.5841	4.43681	34.0155	5.51046	44.0693
0.523552	3.77862	0.120116	0.857935	2.04849	15.1006	2.42465	17.5981	4.41079	31.6991	6.55179	47.3749	1.22796	9.11009	3.3028	24.2114	4.44099	32.2352	5.51173	41.6375
0.550723	3.77492	0.131579	0.893038	2.04279	14.2863	2.4382	16.8021	4.41197	30.1202	6.55011	44.9778	1.24087	8.7309	3.30319	22.979	4.44538	30.6363	5.51308	39.4616
0.577803	3.77099	0.143389	0.927048	2.03738	13.5534	2.45188	16.0836	4.41322	28.6923	6.54852	42.811	1.25423	8.39188	3.30363	21.8665	4.44998	29.1926	5.51451	37.5032
0.604785	3.7668	0.155523	0.959985	2.03228	12.8906	2.4657	15.4319	4.41454	27.3947	6.54701	40.8431	1.26801	8.08723	3.3041	20.8573	4.45479	27.8828	5.51601	35.7314
0.631662	3.76236	0.167962	0.991865	2.02748	12.2885	2.47965	14.8382	4.41592	26.2105	6.54558	39.0478	1.28218	7.81223	3.30462	19.9376	4.4598	26.6891	5.51758	34.1208
0.658427	3.75765	0.180685	1.02271	2.023	11.7396	2.49374	14.2952	4.41736	25.1255	6.54424	37.4035	1.29672	7.56291	3.30519	19.0961	4.46501	25.597	5.51924	32.6503
0.685072	3.75266	0.193675	1.05255	2.01884	11.2373	2.50797	13.7968	4.41887	24.1277	6.54299	35.892	1.31162	7.33602	3.30581	18.3233	4.47042	24.5941	5.52097	31.3026
0.711589	3.74738	0.206914	1.0814	2.01501	10.7761	2.52232	13.3376	4.42045	23.2071	6.54181	34.4978	1.32684	7.1288	3.30647	17.6112	4.47603	23.6699	5.52278	30.0629
0.737969	3.7418	0.220385	1.10929	2.01153	10.3515	2.5368	12.9134	4.4221	22.355	6.54071	33.2078	1.34238	6.9389	3.3072	16.9529	4.48183	22.8158	5.52466	28.9188
0.764203	3.7359	0.234074	1.13625	2.00839	9.95949	2.5514	12.5204	4.42381	21.5643	6.5397	32.0108	1.35822	6.76433	3.30798	16.3426	4.48782	22.0241	5.52663	27.8596
0.790282	3.72968	0.247965	1.16231	2.00561	9.59672	2.56612	12.1552	4.4256	20.8284	6.53877	30.8972	1.37433	6.60341	3.30882	15.7752	4.49399	21.2883	5.52867	26.8764
0.816195	3.72312	0.262045	1.18748	2.0032	9.26026	2.58097	11.8151	4.42746	20.142	6.53792	29.8585	1.3907	6.45464	3.30973	15.2465	4.50035	20.6027	5.5308	25.9612
0.841931	3.71621	0.276299	1.21181	2.00117	8.94755	2.59593	11.4977	4.42938	19.5002	6.53714	28.8875	1.40732	6.31676	3.3107	14.7526	4.50689	19.9625	5.53301	25.1073
0.86748	3.70893	0.290719	1.23532	1.99953	8.65639	2.61101	11.2006	4.43138	18.8988	6.53645	27.9778	1.42199	6.20463	3.31175	14.2903	4.51361	19.3633	5.5353	24.3088
0.89283	3.70126	0.30529	1.25803	1.99829	8.38483	2.62621	10.9222	4.43345	18.3343	6.53584	27.1238	1.43462	6.11442	3.31287	13.8566	4.5205	18.8014	5.53767	23.5605
0.917967	3.69319	0.320002	1.27998	1.99747	8.13117	2.64151	10.6607	4.43559	17.8032	6.5353	26.3205	1.44515	6.04328	3.31406	13.4491	4.52757	18.2734	5.54012	22.8577
0.94288	3.68471	0.334847	1.30119	1.99707	7.8939	2.65693	10.4147	4.43781	17.3028	6.53484	25.5637	1.45354	5.98913	3.31534	13.0655	4.5348	17.7764	5.54266	22.1966
0.967553	3.67579	0.349814	1.32169	1.99711	7.67168	2.67245	10.1829	4.4401	16.8306	6.53446	24.8493	1.45973	5.95043	3.3167	12.7037	4.5422	17.3079	5.54529	21.5736
0.991974	3.66642	0.364894	1.34149	1.99761	7.46334	2.68808	9.96399	4.44247	16.3841	6.53416	24.174	1.4637	5.92614	3.31815	12.362	4.54976	16.8654	5.548	20.9854
1.01613	3.65658	0.38008	1.36064	1.99857	7.2678	2.70381	9.75708	4.44492	15.9614	6.53393	23.5347	1.46944	5.89187	3.31968	12.0388	4.55747	16.4469	5.55079	20.4293
1.03999	3.64625	0.395364	1.37915	2.00001	7.08413	2.71965	9.56119	4.44744	15.5607	6.53377	22.9285	1.47569	5.85545	3.32132	11.7327	4.56535	16.0506	5.55368	19.9027
1.06356	3.63541	0.410738	1.39704	2.00195	6.91148	2.73558	9.3755	4.45005	15.1803	6.5337	22.353	1.48423	5.80726	3.32304	11.4424	4.57337	15.6747	5.55665	19.4035
1.08682	3.62405	0.426197	1.41434	2.0044	6.74908	2.75161	9.19924	4.45273	14.8188	6.5337	21.8059	1.49508	5.74841	3.32487	11.1667	4.58154	15.3177	5.55971	18.9294
1.10974	3.61216	0.441733	1.43108	2.00738	6.59624	2.76774	9.03173	4.45549	14.4747	6.53377	21.2852	1.5083	5.68024	3.32681	10.9046	4.58986	14.9782	5.56286	18.4788
1.13231	3.5997	0.457342	1.44726	2.01091	6.45234	2.78396	8.87235	4.45834	14.1469	6.53391	20.789	1.5239	5.60414	3.32885	10.6552	4.59831	14.6551	5.5661	18.0498
1.15451	3.58667	0.473017	1.46292	2.01444	6.33378	2.80027	8.72053	4.46127	13.8343	6.53413	20.3157	1.54195	5.52158	3.331	10.4176	4.60691	14.3472	5.56944	17.6411
1.17633	3.57306	0.488754	1.47806	2.01779	6.23748	2.81668	8.57577	4.46428	13.5358	6.53443	19.8637	1.56012	5.44373	3.33327	10.1909	4.61564	14.0534	5.57287	17.2513
1.19776	3.55885	0.504548	1.49272	2.0208	6.16101	2.83317	8.4376	4.46738	13.2506	6.53479	19.4316	1.57843	5.37018	3.33565	9.97459	4.6245	13.7729	5.57639	16.879
1.21876	3.54404	0.518354	1.50511	2.02335	6.10249	2.84975	8.30559	4.47057	12.9778	6.53523	19.0182	1.59685	5.30059	3.33816	9.76788	4.63349	13.5047	5.58001	16.5232
1.23933	3.52861	0.530153	1.5154	2.02531	6.06053	2.86642	8.17935	4.47384	12.7166	6.53574	18.6223	1.61537	5.23465	3.34079	9.57022	4.64261	13.2481	5.58373	16.1828
1.25946	3.51257	0.539928	1.52372	2.0266	6.03415	2.88317	8.05852	4.4772	12.4663	6.53633	18.2428	1.63399	5.17208	3.34355	9.38106	4.65184	13.0024	5.58755	15.8569
1.27912	3.49592	0.54767	1.53019	2.02852	5.99683	2.9	7.94276	4.48066	12.2262	6.53698	17.8787	1.65269	5.11262	3.34644	9.19989	4.6612	12.7668	5.59146	15.5445
1.29832	3.47866	0.553368	1.53488	2.03068	5.9571	2.91692	7.83179	4.4842	11.9959	6.5377	17.5291	1.67148	5.05604	3.34947	9.02624	4.67066	12.5409	5.59548	15.2448
1.31703	3.4608	0.557018	1.53785	2.03375	5.9044	2.93391	7.7253	4.48784	11.7746	6.5385	17.1932	1.69034	5.00212	3.35264	8.8597	4.68024	12.3239	5.59959	14.9572
1.33525	3.44235	0.562268	1.54209	2.03784	5.83989	2.95098	7.62305	4.49157	11.5619	6.53937	16.8701	1.70926	4.95068	3.35595	8.69985	4.68993	12.1155	5.60381	14.6809
1.35298	3.42334	0.56798	1.54664	2.0431	5.76498	2.96813	7.5248	4.4954	11.3574	6.5403	16.5593	1.72824	4.90154	3.35941	8.54635	4.69972	11.9151	5.60814	14.4153
1.37021	3.40378	0.575755	1.55275	2.04973	5.68125	2.98535	7.43031	4.49932	11.1605	6.54131	16.2599	1.74727	4.85453	3.36302	8.39884	4.70962	11.7222	5.61257	14.1598
1.38695	3.38371	0.5856	1.56035	2.05796	5.59041	3.00264	7.3394	4.50335	10.971	6.54238	15.9714	1.76633	4.80952	3.36678	8.25701	4.71961	11.5365	5.61711	13.9138
1.40318	3.36315	0.597523	1.56934	2.06684	5.50489	3.02001	7.25185	4.50747	10.7883	6.54353	15.6933	1.78544	4.76636	3.3707	8.12058	4.72969	11.3576	5.62176	13.6769
1.41893	3.34215	0.611533	1.57962	2.0764	5.4244	3.03744	7.16751	4.5117	10.6121	6.54474	15.4249	1.80457	4.72493	3.37478	7.98926	4.73987	11.185	5.62652	13.4485
1.4342	3.32075	0.627636	1.59108	2.08664	5.34867	3.05495	7.08619	4.51602	10.4422	6.54602	15.1658	1.82372	4.68511	3.37903	7.86281	4.75013	11.0186	5.63139	13.2283
1.44899	3.29899	0.643767	1.60218	2.09755	5.27744	3.07252	7.00775	4.52046	10.2782	6.54737	14.9155	1.84288	4.6468	3.38344	7.74098	4.76048	10.8579	5.63638	13.0158
1.46151	3.27977	0.659922	1.61295	2.10914	5.21047	3.09016	6.93203	4.52499	10.1197	6.54879	14.6736	1.86205	4.60991	3.38803	7.62357	4.77091	10.7027	5.64148	12.8107
1.47191	3.26322	0.676099	1.62339	2.12141	5.14753	3.10786	6.85891	4.52964	9.96667	6.55027	14.4397	1.88123	4.57433	3.39279	7.51035	4.78142	10.5526	5.6467	12.6125
1.48034	3.24944	0.692296	1.63352	2.13435	5.08838	3.12563	6.78826	4.5344	9.8187	6.55183	14.2133	1.9004	4.53999	3.39773	7.40113	4.79201	10.4076	5.65203	12.4209
1.48688	3.23849	0.708511	1.64335	2.14795	5.03282	3.14346	6.71996	4.53926	9.67559	6.55345	13.9942	1.91956	4.50681	3.40285	7.29575	4.80266	10.2672	5.65749	12.2357
1.49163	3.23041	0.724742	1.65288	2.16221	4.98064	3.16135	6.65389	4.54424	9.53713	6.55513	13.782	1.93871	4.47472	3.40815	7.19401	4.81338	10.1313	5.66307	12.0566
1.49465	3.22523	0.740988	1.66213	2.1771	4.93163	3.1793	6.58996	4.54933	9.4031	6.55689	13.5764	1.95783	4.44364	3.41365	7.09577	4.82417	9.99963	5.66877	11.8832
1.49894	3.21777	0.757247	1.67111	2.1926	4.8856	3.19731	6.52807	4.55454	9.2733	6.55871	13.377	1.97692	4.41352	3.41933	7.00087	4.83502	9.87206	5.6746	11.7153
1.50356	3.20965	0.773517	1.67983	2.20871	4.84237	3.21538	6.46812	4.55987	9.14756	6.5606	13.1837	1.99598	4.38429	3.42521	6.90918	4.84593	9.74837	5.68055	11.5527
1.50977	3.19857	0.789797	1.6883	2.2254	4.80176	3.23118	6.41739	4.56531	9.0257	6.56255	12.9961	2.01501	4.35591	3.4313	6.82055	4.85689	9.62838	5.68664	11.3951
1.51749	3.18454	0.806085	1.69652	2.24265	4.76359	3.24468	6.37523	4.57088	8.90756	6.56457	12.814	2.03398	4.32832	3.43758	6.73487	4.86791	9.51194	5.69285	11.2424
1.52664	3.16753	0.822381	1.70451	2.26043	4.72772	3.25586	6.34108	4.57656	8.79299	6.56665	12.6372	2.05291	4.30147	3.44406	6.652	4.87898	9.39889	5.6992	11.0942
1.53714	3.14758	0.838683	1.71228	2.27872	4.69397	3.26472	6.31453	4.58238	8.68184	6.5688	12.4654	2.07178	4.27532	3.45076	6.57185	4.89009	9.28907	5.70568	10.9505
1.54888	3.12469	0.85499	1.71982	2.29749	4.66221	3.27124	6.29525	4.58832	8.57396	6.57102	12.2985	2.09059	4.24983	3.45677	6.50413	4.90125	9.18235	5.71229	10.8111
1.56031	3.10187	0.871301	1.72715	2.31671	4.63229	3.27542	6.28302	4.59439	8.46924	6.5733	12.1362	2.10934	4.22495	3.46201	6.44792	4.91244	9.07859	5.71905	10.6757
1.57147	3.07915	0.887615	1.73428	2.33637	4.60408	3.28143	6.26559	4.60058	8.36756	6.57565	11.9783	2.12802	4.20066	3.46644	6.40245	4.92368	8.97768	5.72594	10.5442
1.58236	3.05658	0.903931	1.74121	2.35643	4.57746	3.28797	6.24684	4.60691	8.26878	6.57807	11.8247	2.14662	4.17691	3.47	6.36714	4.93494	8.8795	5.73297	10.4165
1.59302	3.03418	0.920249	1.74795	2.37686	4.5523	3.29688	6.22166	4.61338	8.17281	6.58054	11.6753	2.16514	4.15368	3.47265	6.34152	4.94624	8.78393	5.74015	10.2924
1.60346	3.012	0.936568	1.75451	2.39765	4.52851	3.30816	6.19033	4.61998	8.07954	6.58309	11.5298	2.18357	4.13093	3.47437	6.32529	4.95757	8.69087	5.74747	10.1718
1.6137	2.99006	0.952886	1.76089	2.41876	4.50597	3.32183	6.15318	4.62671	7.98886	6.5857	11.3881	2.20192	4.10863	3.47685	6.30216	4.96893	8.60021	5.75494	10.0545
1.62378	2.96839	0.969204	1.7671	2.44017	4.4846	3.3379	6.11062	4.63359	7.9007	6.58837	11.2501	2.22017	4.08677	3.47957	6.27729	4.98031	8.51187	5.76256	9.94046
1.63369	2.94701	0.985521	1.77314	2.46186	4.46429	3.3564	6.06308	4.64061	7.81495	6.59111	11.1155	2.23832	4.0653	3.48332	6.24393	4.99171	8.42575	5.77032	9.82951
1.64347	2.92594	1.00184	1.77902	2.48381	4.44498	3.37494	6.01688	4.64777	7.73153	6.59392	10.9844	2.25637	4.04422	3.48813	6.20248	5.00313	8.34177	5.77824	9.72156
1.65313	2.9052	1.01815	1.78475	2.50598	4.42657	3.39354	5.97196	4.65508	7.65035	6.59678	10.8566	2.27431	4.0235	3.49407	6.15343	5.01456	8.25984	5.78631	9.61649
1.66268	2.88481	1.03446	1.79032	2.52837	4.40901	3.41219	5.92827	4.66253	7.57136	6.59972	10.7319	2.29214	4.00311	3.50119	6.09735	5.02601	8.17989	5.79454	9.5142
1.67214	2.86477	1.05076	1.79575	2.55095	4.39222	3.4309	5.88578	4.67014	7.49446	6.60272	10.6102	2.30986	3.98304	3.50958	6.03488	5.03747	8.10185	5.80292	9.41461
1.68152	2.84511	1.06707	1.80104	2.57371	4.37614	3.44965	5.84442	4.67789	7.41959	6.60578	10.4915	2.32746	3.96326	3.51819	5.97436	5.04894	8.02563	5.81146	9.3176
1.69085	2.82582	1.08337	1.80619	2.59661	4.36071	3.46845	5.80417	4.6858	7.34668	6.60891	10.3757	2.34493	3.94377	3.52704	5.91571	5.06042	7.95119	5.82016	9.22311
1.70012	2.80691	1.09966	1.81122	2.61965	4.34588	3.48731	5.76498	4.69386	7.27566	6.61211	10.2625	2.36228	3.92455	3.53612	5.85888	5.0719	7.87845	5.82902	9.13103
1.70935	2.7884	1.11595	1.81611	2.64281	4.33161	3.50621	5.7268	4.70208	7.20649	6.61537	10.152	2.37951	3.90558	3.54543	5.80379	5.08338	7.80736	5.83804	9.0413
1.71855	2.77027	1.13223	1.82088	2.66608	4.31784	3.52517	5.68962	4.71046	7.13909	6.61869	10.0441	2.3966	3.88685	3.55498	5.75039	5.09487	7.73785	5.84722	8.95383
1.72774	2.75253	1.14851	1.82553	2.68943	4.30453	3.54418	5.65338	4.719	7.07342	6.62208	9.93864	2.41355	3.86834	3.56477	5.69862	5.10635	7.66987	5.85656	8.86856
1.73691	2.73519	1.16479	1.83006	2.71285	4.29165	3.56324	5.61807	4.7277	7.00942	6.62553	9.83557	2.43037	3.85005	3.57479	5.64843	5.11784	7.60337	5.86608	8.7854
1.74608	2.71824	1.18105	1.83449	2.73633	4.27916	3.58235	5.58365	4.73657	6.94703	6.62905	9.73482	2.44705	3.83195	3.58505	5.59976	5.12932	7.53829	5.87575	8.70429
1.75525	2.70168	1.19731	1.8388	2.75986	4.26702	3.60152	5.55008	4.7456	6.88621	6.63264	9.63631	2.46359	3.81406	3.59555	5.55255	5.1408	7.4746	5.8856	8.62518
1.76444	2.68551	1.21357	1.84301	2.78343	4.2552	3.62074	5.51734	4.75481	6.82692	6.63629	9.53997	2.47999	3.79634	3.60628	5.50677	5.15227	7.41225	5.89561	8.54798
1.77364	2.66972	1.22982	1.84711	2.80701	4.24368	3.64001	5.48541	4.76418	6.7691	6.64001	9.44574	2.49624	3.7788	3.61725	5.46235	5.16373	7.35119	5.90579	8.47266
1.78287	2.65431	1.24606	1.85112	2.8306	4.23242	3.65934	5.45426	4.77248	6.71989	6.64379	9.35354	2.51235	3.76142	3.62846	5.41927	5.17519	7.29137	5.91613	8.39914
1.79213	2.63927	1.26229	1.85502	2.85419	4.2214	3.67872	5.42387	4.77967	6.67878	6.64764	9.26332	2.52831	3.74421	3.63991	5.37746	5.18663	7.23277	5.92665	8.32737
1.80141	2.6246	1.27852	1.85884	2.87776	4.2106	3.69816	5.3942	4.78568	6.64535	6.65155	9.17502	2.54412	3.72715	3.65159	5.3369	5.19807	7.17535	5.93734	8.2573
1.81074	2.6103	1.29474	1.86256	2.90131	4.2	3.71765	5.36525	4.79048	6.61928	6.65553	9.08858	2.55979	3.71024	3.6635	5.29753	5.2095	7.11906	5.94819	8.18889
1.82011	2.59636	1.31095	1.8662	2.92483	4.18957	3.73721	5.33699	4.79404	6.60031	6.65958	9.00394	2.5753	3.69347	3.67564	5.25932	5.22092	7.06387	5.95922	8.12207
1.82952	2.58276	1.32716	1.86975	2.94831	4.17929	3.75682	5.30939	4.79633	6.58825	6.6637	8.92105	2.59067	3.67684	3.68802	5.22223	5.23233	7.00976	5.97042	8.0568
1.83897	2.56951	1.34336	1.87322	2.97173	4.16915	3.77649	5.28245	4.79963	6.57105	6.66788	8.83986	2.60589	3.66035	3.70062	5.18622	5.24372	6.95668	5.98178	7.99304
1.84848	2.5566	1.35955	1.87661	2.99509	4.15913	3.79623	5.25614	4.80325	6.5525	6.67212	8.76032	2.62097	3.64399	3.71345	5.15126	5.25511	6.90461	5.99332	7.93074
1.85804	2.54402	1.37573	1.87991	3.01837	4.14922	3.81603	5.23045	4.8082	6.52754	6.67644	8.68239	2.63589	3.62775	3.7265	5.11731	5.26649	6.85353	6.00502	7.86986
1.86766	2.53177	1.39191	1.88315	3.04158	4.13939	3.83589	5.20535	4.81453	6.4964	6.68082	8.60602	2.65067	3.61164	3.73977	5.08433	5.2764	6.80979	6.01689	7.81035
1.87733	2.51983	1.40808	1.88631	3.0647	4.12964	3.85582	5.18084	4.82227	6.45936	6.68527	8.53116	2.66531	3.59566	3.75325	5.05229	5.28483	6.77306	6.02893	7.75219
1.88706	2.5082	1.42424	1.8894	3.08773	4.11996	3.87582	5.1569	4.83147	6.41676	6.68979	8.45778	2.67981	3.5798	3.76695	5.02116	5.29181	6.74307	6.04114	7.69532
1.89685	2.49688	1.44039	1.89241	3.11065	4.11032	3.89589	5.13351	4.84221	6.36899	6.69438	8.38583	2.69416	3.56406	3.78086	4.99091	5.29732	6.71959	6.05352	7.63972
1.9067	2.48585	1.45653	1.89536	3.13345	4.10072	3.91602	5.11066	4.85312	6.32237	6.69903	8.31527	2.70837	3.54844	3.79497	4.96151	5.30137	6.70247	6.06606	7.58535
1.91661	2.47511	1.47267	1.89825	3.15615	4.09115	3.93623	5.08834	4.86423	6.27686	6.70375	8.24607	2.72245	3.53294	3.80928	4.93292	5.30397	6.69156	6.07877	7.53217
1.92659	2.46465	1.4888	1.90107	3.17871	4.08161	3.95652	5.06653	4.87552	6.23245	6.70855	8.1782	2.73639	3.51756	3.82378	4.90513	5.30769	6.67597	6.09164	7.48014
1.93663	2.45447	1.50492	1.90382	3.20114	4.07207	3.97688	5.04522	4.88699	6.1891	6.71341	8.11161	2.75021	3.5023	3.83848	4.87809	5.31174	6.65913	6.10467	7.42925
1.94673	2.44455	1.52103	1.90652	3.22344	4.06253	3.99731	5.0244	4.89866	6.14679	6.71834	8.04627	2.76389	3.48715	3.85337	4.85179	5.31725	6.6364	6.11786	7.37944
1.9569	2.4349	1.53714	1.90916	3.24559	4.05299	4.01782	5.00406	4.91051	6.10548	6.72334	7.98216	2.77744	3.47213	3.86843	4.8262	5.32421	6.60793	6.13121	7.33071
1.96714	2.4255	1.55324	1.91174	3.26759	4.04343	4.03842	4.98418	4.92255	6.06515	6.72842	7.91923	2.79087	3.45723	3.88367	4.80129	5.33263	6.57393	6.14473	7.283
1.97743	2.41635	1.56933	1.91427	3.28943	4.03386	4.05909	4.96476	4.93479	6.02578	6.73356	7.85747	2.80418	3.44244	3.89909	4.77703	5.34249	6.53461	6.15839	7.23631
1.9878	2.40744	1.58541	1.91674	3.31111	4.02425	4.07984	4.94579	4.94721	5.98734	6.73878	7.79683	2.81738	3.42778	3.91467	4.75341	5.35381	6.49024	6.17222	7.19059
1.99823	2.39877	1.60148	1.91916	3.33263	4.01462	4.10068	4.92725	4.95983	5.94981	6.74406	7.7373	2.83046	3.41324	3.9304	4.7304	5.36513	6.44665	6.18619	7.14582
2.00872	2.39032	1.61755	1.92152	3.35397	4.00495	4.1216	4.90913	4.97265	5.91316	6.74942	7.67884	2.84343	3.39883	3.94629	4.70797	5.37645	6.40382	6.20032	7.10198
2.01928	2.3821	1.63361	1.92384	3.37514	3.99524	4.14261	4.89143	4.98565	5.87737	6.75485	7.62143	2.85629	3.38453	3.96234	4.68611	5.38776	6.36173	6.2146	7.05904
2.02991	2.37409	1.64966	1.92611	3.39612	3.98549	4.1637	4.87412	4.99885	5.84243	6.76035	7.56505	2.86905	3.37037	3.97852	4.66479	5.39908	6.32037	6.22903	7.01698
2.0406	2.3663	1.6657	1.92833	3.41693	3.97568	4.18488	4.85722	5.01225	5.8083	6.76593	7.50966	2.88171	3.35632	3.99484	4.644	5.4104	6.27971	6.24172	6.98102
2.05135	2.35871	1.68173	1.9305	3.43754	3.96583	4.20614	4.8407	5.02584	5.77498	6.77158	7.45526	2.89427	3.34241	4.01129	4.6237	5.42173	6.23975	6.25262	6.95086
2.06217	2.35133	1.69776	1.93263	3.45796	3.95592	4.22749	4.82455	5.03962	5.74243	6.77731	7.4018	2.90674	3.32862	4.02786	4.60389	5.43306	6.20046	6.2617	6.92627
2.07305	2.34413	1.71378	1.93471	3.47819	3.94596	4.24893	4.80877	5.05361	5.71064	6.78311	7.34927	2.91913	3.31496	4.04456	4.58455	5.44441	6.16184	6.26891	6.90704
2.08399	2.33713	1.72979	1.93676	3.49823	3.93595	4.27045	4.79334	5.06778	5.67959	6.78898	7.29765	2.93142	3.30143	4.06136	4.56565	5.45576	6.12386	6.27424	6.89301
2.095	2.33031	1.7458	1.93876	3.51806	3.92587	4.29206	4.77827	5.08215	5.64927	6.79493	7.24692	2.94364	3.28803	4.07828	4.54717	5.46713	6.08652	6.27765	6.88409
2.10607	2.32366	1.76179	1.94072	3.5377	3.91574	4.31375	4.76353	5.09672	5.61966	6.80096	7.19706	2.95577	3.27477	4.09529	4.52911	5.47851	6.04981	6.28258	6.87134
2.1172	2.3172	1.77778	1.94263	3.55713	3.90555	4.33553	4.74911	5.11149	5.59073	6.80706	7.14805	2.96784	3.26163	4.1124	4.51144	5.48991	6.0137	6.28795	6.85757
2.12839	2.3109	1.79376	1.94452	3.57636	3.8953	4.35738	4.73502	5.12644	5.56247	6.81245	7.10602	2.97983	3.24863	4.12959	4.49415	5.50134	5.97819	6.29528	6.839
2.13964	2.30476	1.80974	1.94636	3.59539	3.88499	4.37932	4.72124	5.1416	5.53488	6.81708	7.07067	2.99175	3.23576	4.14687	4.47722	5.51278	5.94326	6.3046	6.81577
2.15095	2.29879	1.8257	1.94817	3.61421	3.87463	4.40134	4.70775	5.15695	5.50792	6.82095	7.04178	3.00361	3.22302	4.16423	4.46065	5.52425	5.90891	6.31594	6.78805
2.16232	2.29297	1.84166	1.94994	3.63283	3.86421	4.42343	4.69456	5.17249	5.48158	6.82402	7.01915	3.01542	3.21042	4.18165	4.4444	5.53575	5.87513	6.32934	6.75605
2.17375	2.2873	1.85761	1.95167	3.65124	3.85373	4.4456	4.68165	5.18823	5.45586	6.8263	7.00262	3.02716	3.19796	4.19915	4.42847	5.54728	5.84189	6.34483	6.71998
2.18524	2.28178	1.87356	1.95337	3.66946	3.84321	4.46784	4.66902	5.20416	5.43073	6.82776	6.9921	3.03885	3.18563	4.2167	4.41285	5.55884	5.8092	6.36046	6.68461
2.19678	2.2764	1.8895	1.95504	3.68747	3.83264	4.49015	4.65665	5.22028	5.40619	6.82987	6.97704	3.05049	3.17343	4.2343	4.39753	5.57043	5.77705	6.37621	6.64991
2.20838	2.27117	1.90542	1.95668	3.70527	3.82201	4.51253	4.64453	5.2366	5.38221	6.83217	6.96076	3.06208	3.16138	4.25195	4.38248	5.58206	5.74541	6.39208	6.61587
2.22004	2.26606	1.92135	1.95828	3.72288	3.81135	4.53497	4.63266	5.25311	5.35879	6.83531	6.93879	3.07363	3.14945	4.26965	4.36771	5.59373	5.7143	6.40808	6.58247
2.23175	2.26109	1.93726	1.95986	3.74029	3.80064	4.55747	4.62103	5.26981	5.33591	6.83931	6.91125	3.08514	3.13767	4.28738	4.35319	5.60545	5.68368	6.4242	6.54969
2.24351	2.25624	1.95317	1.9614	3.75751	3.78989	4.58003	4.60963	5.2867	5.31355	6.8442	6.87832	3.09661	3.12602	4.30514	4.33892	5.61721	5.65357	6.44043	6.51751
2.25533	2.25152	1.96907	1.96291	3.77453	3.77911	4.60264	4.59844	5.30378	5.29172	6.84998	6.8402	3.10804	3.1145	4.32293	4.32488	5.62901	5.62394	6.45678	6.48592
2.2672	2.24692	1.98497	1.9644	3.79136	3.76829	4.6253	4.58747	5.32105	5.27039	6.8567	6.79713	3.11944	3.10313	4.34073	4.31107	5.64087	5.5948	6.47325	6.45491
2.27912	2.24244	2.00086	1.96585	3.808	3.75744	4.648	4.5767	5.33851	5.24955	6.86349	6.75476	3.13081	3.09188	4.35856	4.29747	5.65278	5.56613	6.48982	6.42446
2.29109	2.23807	2.01674	1.96728	3.82446	3.74657	4.67074	4.56612	5.35616	5.2292	6.87037	6.71309	3.14216	3.08077	4.37639	4.28408	5.66474	5.53792	6.50651	6.39455
2.30311	2.23381	2.03261	1.96868	3.84073	3.73568	4.69352	4.55573	5.37399	5.20931	6.87734	6.67208	3.15348	3.0698	4.39423	4.27088	5.67677	5.51017	6.52329	6.36518
2.31519	2.22966	2.04848	1.97006	3.85683	3.72476	4.71633	4.54551	5.39201	5.18989	6.88438	6.63174	3.16477	3.05896	4.41207	4.25787	5.68885	5.48286	6.54019	6.33632
2.32731	2.22562	2.06434	1.97141	3.87275	3.71383	4.73916	4.53546	5.41022	5.17092	6.89151	6.59204	3.17605	3.04825	4.42991	4.24504	5.70099	5.456	6.55718	6.30797
2.33948	2.22168	2.08019	1.97273	3.88849	3.70289	4.76202	4.52557	5.42862	5.15239	6.89873	6.55298	3.18731	3.03768	4.44773	4.23238	5.7132	5.42958	6.57427	6.28011
2.35169	2.21783	2.09604	1.97403	3.90407	3.69195	4.78489	4.51584	5.44719	5.13428	6.90604	6.51453	3.19856	3.02724	4.46555	4.21989	5.72547	5.40359	6.59146	6.25273
2.36395	2.21408	2.11188	1.97531	3.91948	3.68099	4.80777	4.50624	5.46596	5.1166	6.91343	6.4767	3.20979	3.01693	4.48334	4.20754	5.73781	5.37801	6.60875	6.22581
2.37626	2.21043	2.12771	1.97656	3.93473	3.67004	4.83066	4.49679	5.4849	5.09933	6.92091	6.43947	3.22101	3.00675	4.50111	4.19535	5.75022	5.35285	6.62613	6.19936
2.38862	2.20687	2.14354	1.97779	3.94983	3.65909	4.85355	4.48746	5.50403	5.08246	6.92847	6.40282	3.23222	2.9967	4.51886	4.1833	5.76271	5.3281	6.64359	6.17334
2.40102	2.20339	2.15936	1.979	3.96476	3.64814	4.87643	4.47826	5.52333	5.06598	6.93613	6.36675	3.24342	2.98679	4.53658	4.17138	5.77527	5.30376	6.66115	6.14776
2.42594	2.1967	2.17517	1.98018	3.97955	3.63721	4.89931	4.46917	5.54282	5.04989	6.94388	6.33124	3.25462	2.97699	4.55426	4.15959	5.78791	5.2798	6.67879	6.1226
2.43847	2.19348	2.19098	1.98134	3.9942	3.62629	4.92217	4.46018	5.56249	5.03418	6.95172	6.29629	3.26582	2.96733	4.5719	4.14792	5.80062	5.25624	6.69651	6.09786
2.45104	2.19034	2.20678	1.98249	4.0087	3.61539	4.94501	4.4513	5.58234	5.01883	6.95965	6.26188	3.27701	2.95779	4.5895	4.13637	5.81342	5.23306	6.71431	6.07351
2.46365	2.18727	2.22258	1.98361	4.02307	3.6045	4.96782	4.44251	5.60236	5.00384	6.96767	6.22801	3.2882	2.94838	4.60705	4.12493	5.8263	5.21026	6.7322	6.04956
2.4763	2.18428	2.23837	1.98471	4.0373	3.59364	4.9906	4.43381	5.62256	4.9892	6.97579	6.19466	3.2994	2.93909	4.62456	4.11359	5.83926	5.18783	6.75016	6.02599
2.48899	2.18136	2.25415	1.98579	4.0514	3.58281	5.01335	4.42519	5.64294	4.97491	6.984	6.16183	3.31059	2.92992	4.64201	4.10235	5.85231	5.16577	6.76819	6.00279
2.50172	2.17852	2.26993	1.98686	4.06538	3.572	5.03606	4.41664	5.66349	4.96096	6.9923	6.1295	3.32179	2.92088	4.6594	4.09121	5.86544	5.14406	6.7863	5.97995
2.51448	2.17574	2.2857	1.9879	4.07923	3.56123	5.05872	4.40817	5.68421	4.94733	7.00071	6.09767	3.333	2.91195	4.67674	4.08016	5.87866	5.12271	6.80447	5.95747
2.52729	2.17303	2.30146	1.98893	4.09297	3.55049	5.08134	4.39976	5.70511	4.93403	7.00921	6.06632	3.34421	2.90315	4.69401	4.06919	5.89198	5.10171	6.82272	5.93534
2.54013	2.17039	2.31722	1.98993	4.10659	3.53979	5.10389	4.3914	5.72618	4.92104	7.01781	6.03546	3.35543	2.89446	4.71122	4.05831	5.90538	5.08105	6.84103	5.91354
2.55301	2.16781	2.33298	1.99092	4.1201	3.52913	5.12639	4.3831	5.74742	4.90836	7.02651	6.00507	3.36666	2.8859	4.72836	4.04751	5.91887	5.06073	6.8594	5.89208
2.56592	2.16529	2.34872	1.9919	4.1335	3.51851	5.14882	4.37485	5.76882	4.89598	7.03531	5.97514	3.3779	2.87744	4.74543	4.03678	5.93246	5.04074	6.87784	5.87093
2.57887	2.16283	2.36446	1.99285	4.14681	3.50793	5.17118	4.36665	5.7904	4.88389	7.04421	5.94567	3.38915	2.8691	4.76242	4.02612	5.94614	5.02108	6.89634	5.8501
2.59185	2.16044	2.3802	1.99379	4.16001	3.49741	5.19347	4.35848	5.81214	4.87209	7.05321	5.91664	3.40041	2.86088	4.77934	4.01553	5.95991	5.00174	6.91489	5.82957
2.60487	2.15809	2.39593	1.99471	4.17312	3.48693	5.21568	4.35035	5.83404	4.86057	7.06232	5.88806	3.41169	2.85277	4.79618	4.005	5.97378	4.98271	6.9335	5.80935
2.61792	2.15581	2.41165	1.99562	4.18614	3.4765	5.23781	4.34224	5.85611	4.84933	7.07153	5.85991	3.42298	2.84476	4.81294	3.99454	5.98774	4.96399	6.95216	5.78941
2.631	2.15358	2.42737	1.99651	4.19907	3.46613	5.25986	4.33417	5.87833	4.83835	7.08084	5.83219	3.43429	2.83687	4.82962	3.98413	6.0018	4.94558	6.97088	5.76976
2.64412	2.1514	2.44308	1.99739	4.21191	3.45581	5.28181	4.32612	5.90072	4.82764	7.09027	5.80489	3.44561	2.82909	4.84622	3.97378	6.01596	4.92747	6.98964	5.75039
2.65727	2.14927	2.45879	1.99825	4.22467	3.44555	5.30368	4.31809	5.92326	4.81718	7.0998	5.778	3.45695	2.82141	4.86273	3.96349	6.03021	4.90965	7.00845	5.73129
2.67045	2.1472	2.47449	1.99909	4.23735	3.43535	5.32544	4.31008	5.94595	4.80697	7.10944	5.75152	3.46831	2.81384	4.87915	3.95324	6.04455	4.89212	7.02731	5.71245
2.68366	2.14517	2.49019	1.99993	4.24996	3.42521	5.34711	4.30208	5.9688	4.797			3.47968	2.80637	4.89548	3.94305	6.05899	4.87488	7.04621	5.69387
2.6969	2.14319	2.50588	2.00074	4.26249	3.41512	5.36867	4.29409	5.9918	4.78727			3.49108	2.799	4.91173	3.9329	6.07353	4.85791	7.06515	5.67554
2.71016	2.14125	2.52156	2.00155	4.27496	3.4051	5.39013	4.28611	6.01494	4.77776			3.50249	2.79174	4.92788	3.9228	6.08816	4.84122	7.08413	5.65746
2.72346	2.13937	2.53724	2.00234	4.28736	3.39515	5.41148	4.27814	6.03823	4.76849			3.51393	2.78458	4.94394	3.91274	6.10289	4.82479	7.10314	5.63962
2.73679	2.13752	2.55291	2.00311	4.29969	3.38526	5.43272	4.27018	6.06167	4.75943			3.52538	2.77751	4.95991	3.90273	6.11771	4.80863		
2.75014	2.13572	2.56858	2.00388	4.31197	3.37543	5.45384	4.26222	6.08524	4.75058			3.53686	2.77055	4.97578	3.89276	6.13262	4.79273		
2.76353	2.13396	2.58425	2.00463	4.32419	3.36568	5.47486	4.25426	6.10895	4.74195			3.54835	2.76368	4.99156	3.88282	6.14763	4.77708		
2.77694	2.13224	2.5999	2.00537	4.33635	3.35599	5.49575	4.24629	6.13279	4.73351			3.55987	2.7569	5.00724	3.87293	6.16273	4.76167		
2.79037	2.13056	2.61556	2.00609	4.34846	3.34637	5.51653	4.23833	6.15676	4.72526			3.57142	2.75022	5.02283	3.86308	6.17791	4.74651		
2.80383	2.12892	2.6312	2.00681	4.36051	3.33681	5.53718	4.23037	6.18086	4.71721			3.58298	2.74364	5.03832	3.85326	6.19319	4.73159		
2.81732	2.12731	2.64685	2.00751	4.37252	3.32733	5.55771	4.2224	6.20508	4.70934			3.59457	2.73714	5.05372	3.84348	6.20855	4.7169		
2.83084	2.12575	2.66248	2.0082	4.38449	3.31792	5.57812	4.21442	6.22942	4.70164			3.60619	2.73074	5.06902	3.83374	6.224	4.70244		
2.84437	2.12422	2.67812	2.00888	4.39641	3.30858	5.59841	4.20644	6.25388	4.69412			3.61782	2.72442	5.08423	3.82403	6.23954	4.6882		
2.85794	2.12272	2.69374	2.00955	4.40829	3.29932	5.61856	4.19845	6.27845	4.68677			3.62949	2.71819	5.09934	3.81435	6.25515	4.67418		
2.87152	2.12126	2.70937	2.01021	4.42013	3.29012	5.6386	4.19046	6.30313	4.67957			3.64117	2.71205	5.11436	3.80471	6.27085	4.66038		
2.88513	2.11983	2.72498	2.01085	4.43194	3.281	5.6585	4.18246	6.32792	4.67254			3.65289	2.70599	5.12928	3.79511	6.28663	4.64678		
2.89877	2.11843	2.7406	2.01149	4.44371	3.27195	5.67828	4.17445	6.3528	4.66565			3.66462	2.70002	5.1441	3.78554	6.30249	4.63338		
2.91242	2.11706	2.7562	2.01211	4.45544	3.26297	5.69793	4.16643	6.37778	4.6589			3.67639	2.69413	5.15883	3.776	6.31842	4.62019		
2.9261	2.11573	2.77181	2.01273	4.46715	3.25407	5.71744	4.15841	6.40286	4.6523			3.68818	2.68832	5.17347	3.7665	6.33442	4.60718		
2.9398	2.11442	2.7874	2.01333	4.47882	3.24524	5.73684	4.15037	6.42802	4.64583			3.69999	2.6826	5.18802	3.75703	6.3505	4.59437		
2.95352	2.11315	2.803	2.01393	4.49047	3.23648	5.7561	4.14233	6.45327	4.63948			3.71183	2.67695	5.20248	3.7476	6.36664	4.58174		
2.96727	2.1119	2.81859	2.01452	4.5021	3.2278	5.77523	4.13428	6.4786	4.63327			3.7237	2.67138	5.21684	3.7382	6.38285	4.56929		
2.98103	2.11068	2.83417	2.01509	4.51369	3.21919	5.79423	4.12622	6.504	4.62716			3.7356	2.66589	5.23112	3.72884	6.39913	4.55702		
2.99482	2.10949	2.84975	2.01566	4.52527	3.21065	5.8131	4.11815	6.52947	4.62118			3.74752	2.66047	5.2453	3.71951	6.41547	4.54492		
3.00862	2.10832	2.86532	2.01622	4.53683	3.20219	5.83185	4.11008	6.55501	4.6153			3.75946	2.65513	5.2594	3.71021	6.43186	4.53299		
3.02245	2.10718	2.88089	2.01677	4.54836	3.1938	5.85046	4.102	6.58061	4.60952			3.77144	2.64986	5.27342	3.70095	6.44832	4.52122		
3.03629	2.10606	2.89646	2.01731	4.55988	3.18548	5.86895	4.09391	6.60626	4.60384			3.78344	2.64467	5.28735	3.69173	6.46482	4.5096		
3.05015	2.10497	2.91202	2.01784	4.57138	3.17724	5.88731	4.08582	6.63197	4.59826			3.79547	2.63955	5.30119	3.68254	6.48138	4.49814		
3.06404	2.1039	2.92758	2.01836	4.58287	3.16907	5.90554	4.07772	6.65772	4.59276			3.80752	2.63449	5.31496	3.67339	6.49799	4.48683		
3.07794	2.10286	2.94313	2.01887	4.59434	3.16098	5.92364	4.06961	6.68351	4.58734			3.81961	2.62951	5.32864	3.66427	6.51464	4.47567		
3.09186	2.10184	2.95867	2.01938	4.6058	3.15295	5.94162	4.0615	6.70934	4.58201			3.83172	2.6246	5.34225	3.6552	6.53133	4.46464		
3.10579	2.10084	2.97422	2.01988	4.61725	3.145	5.95947	4.05338	6.73519	4.57675			3.84385	2.61975	5.35577	3.64616	6.54807	4.45376		
3.11975	2.09986	2.98976	2.02037	4.62869	3.13712	5.9772	4.04526	6.76108	4.57155			3.85602	2.61497	5.36922	3.63715	6.56484	4.443		
3.13372	2.09891	3.00529	2.02085	4.64011	3.12931	5.9948	4.03714	6.78698	4.56642			3.86821	2.61026	5.38259	3.62819	6.58165	4.43238		
3.14771	2.09797	3.02082	2.02133	4.65153	3.12158	6.01227	4.02901	6.81289	4.56135			3.88043	2.60561	5.3959	3.61926	6.59849	4.42188		
3.16171	2.09706	3.03635	2.0218	4.66295	3.11391	6.02963	4.02088	6.83881	4.55634			3.89267	2.60103	5.40913	3.61038	6.61535	4.4115		
3.17573	2.09616	3.05187	2.02226	4.67435	3.10632	6.04686	4.01275	6.86474	4.55137			3.90494	2.5965	5.42228	3.60153	6.63225	4.40125		
3.18977	2.09528	3.06738	2.02271	4.68576	3.09879	6.06398	4.00462	6.89065	4.54645			3.91724	2.59204	5.43538	3.59273	6.64916	4.3911		
3.20382	2.09443	3.0829	2.02316	4.69715	3.09134	6.08097	3.99648	6.91656	4.54157			3.92957	2.58764	5.4484	3.58397	6.6661	4.38107		
3.21789	2.09359	3.0984	2.02359	4.70855	3.08395	6.09784	3.98835	6.94245	4.53672			3.94192	2.5833	5.46136	3.57524	6.68305	4.37115		
3.23198	2.09277	3.11391	2.02403	4.71994	3.07664	6.1146	3.98022	6.96832	4.53191			3.95431	2.57902	5.47425	3.56656	6.70002	4.36132		
3.24608	2.09196	3.12941	2.02445	4.73133	3.06939	6.13123	3.97209	6.99416	4.52712			3.96671	2.5748	5.48709	3.55792	6.717	4.3516		
3.26019	2.09117	3.14491	2.02487	4.74272	3.06221	6.14776	3.96396	7.01996	4.52236			3.97915	2.57063	5.49986	3.54933	6.73399	4.34198		
3.27432	2.0904	3.1604	2.02528	4.75411	3.0551	6.16416	3.95584	7.04571	4.51761			3.99161	2.56653	5.51257	3.54078	6.75098	4.33245		
3.28846	2.08965	3.17589	2.02569	4.76551	3.04806	6.18046	3.94771	7.07142	4.51287			4.0041	2.56247	5.52523	3.53227	6.76798	4.32302		
3.30262	2.08891	3.19137	2.02609	4.7769	3.04108	6.19664	3.9396	7.09707	4.50814			4.01661	2.55848	5.53783	3.5238	6.78498	4.31367		
3.31679	2.08819	3.20685	2.02648	4.78829	3.03417	6.21271	3.93148	7.12265	4.50341			4.02915	2.55453	5.55037	3.51538	6.80197	4.30441		
3.33097	2.08748	3.22233	2.02687	4.79969	3.02733	6.22867	3.92338					4.04172	2.55064	5.56287	3.50701	6.81896	4.29523		
3.34517	2.08679	3.2378	2.02725	4.8111	3.02055	6.24452	3.91528					4.05432	2.5468	5.57531	3.49868	6.83595	4.28612		
3.35938	2.08611	3.25327	2.02762	4.8225	3.01383	6.26027	3.90718					4.06694	2.54301	5.5877	3.49039	6.85292	4.2771		
3.3736	2.08545	3.26873	2.02799	4.83391	3.00718	6.27591	3.8991					4.07958	2.53928	5.60005	3.48215	6.86988	4.26815		
3.38784	2.0848	3.28419	2.02836	4.84533	3.0006	6.29144	3.89102					4.09226	2.53559	5.61235	3.47396	6.88683	4.25927		
3.40209	2.08416	3.29965	2.02871	4.85675	2.99407	6.30687	3.88295					4.10495	2.53196	5.6246	3.46581	6.90375	4.25046		
3.41635	2.08353	3.3151	2.02907	4.86818	2.98761	6.3222	3.87489					4.11768	2.52837	5.63681	3.45771	6.92066	4.24172		
3.43062	2.08292	3.33055	2.02941	4.87962	2.98122	6.33742	3.86685					4.13043	2.52483	5.64898	3.44965	6.93755	4.23305		
3.44491	2.08233	3.346	2.02976	4.89107	2.97488	6.35255	3.85881					4.1432	2.52134	5.6611	3.44165	6.9544	4.22443		
3.45921	2.08174	3.36144	2.03009	4.90252	2.9686	6.36758	3.85079					4.15601	2.51789	5.67319	3.43369	6.97124	4.21587		
3.47351	2.08117	3.37688	2.03042	4.91398	2.96239	6.38251	3.84277					4.16883	2.51449	5.68524	3.42578	6.98804	4.20738		
3.48783	2.0806	3.39231	2.03075	4.92545	2.95624	6.39735	3.83478					4.18168	2.51113	5.69726	3.41791	7.00481	4.19894		
3.50216	2.08005	3.40774	2.03107	4.93693	2.95014	6.41209	3.82679					4.19456	2.50782	5.70924	3.4101	7.02155	4.19055		
3.51651	2.07951	3.42317	2.03139	4.94842	2.94411	6.42675	3.81882					4.20746	2.50455	5.72118	3.40233	7.03825	4.18221		
3.53086	2.07898	3.43859	2.0317	4.95992	2.93813	6.44131	3.81087					4.22039	2.50133	5.7331	3.39461	7.05492	4.17393		
3.54522	2.07847	3.45401	2.032	4.97143	2.93221	6.45578	3.80293					4.23334	2.49815	5.74498	3.38694	7.07154	4.16569		
3.55959	2.07796	3.46943	2.03231	4.98295	2.92635	6.47016	3.79501					4.24632	2.49501	5.75683	3.37932	7.08812	4.1575		
3.57398	2.07746	3.48484	2.0326	4.99449	2.92054	6.48446	3.78711					4.25932	2.49191	5.76865	3.37174	7.10466	4.14935		
3.58837	2.07698	3.50025	2.0329	5.00603	2.91479	6.49867	3.77922					4.27234	2.48885	5.78045	3.36422				
3.60277	2.0765	3.51566	2.03318	5.01759	2.9091	6.5128	3.77136					4.28539	2.48583	5.79222	3.35674				
3.61719	2.07603	3.53106	2.03347	5.02916	2.90346	6.52685	3.76351					4.29846	2.48285	5.80396	3.34931				
3.63161	2.07557	3.54646	2.03375	5.04074	2.89788	6.54082	3.75568					4.31156	2.47991	5.81568	3.34193				
3.64604	2.07512	3.56185	2.03402	5.05233	2.89235	6.5547	3.74787					4.32468	2.47701	5.82738	3.3346				
3.66048	2.07468	3.57725	2.03429	5.06394	2.88688	6.56852	3.74009					4.33782	2.47415	5.83906	3.32732				
3.67493	2.07425	3.59264	2.03456	5.07556	2.88146	6.58225	3.73232					4.35099	2.47132	5.85071	3.32009				
3.68939	2.07383	3.60802	2.03482	5.0872	2.87609	6.59591	3.72458					4.36417	2.46853	5.86234	3.3129				
3.70386	2.07342	3.6234	2.03508	5.09884	2.87077	6.6095	3.71686					4.37739	2.46578	5.87396	3.30577				
3.71834	2.07301	3.63878	2.03534	5.11051	2.86551	6.62302	3.70917					4.39062	2.46306	5.88556	3.29868				
3.73282	2.07261	3.65416	2.03559	5.12218	2.86029	6.63646	3.7015					4.40388	2.46037	5.89714	3.29164				
3.74732	2.07222	3.66953	2.03583	5.13388	2.85513	6.64984	3.69385					4.41716	2.45772	5.9087	3.28465				
3.76182	2.07184	3.6849	2.03608	5.14558	2.85002	6.66315	3.68623					4.43046	2.45511	5.92025	3.27771				
3.77633	2.07147	3.70027	2.03632	5.1573	2.84495	6.6764	3.67863					4.44379	2.45252	5.93179	3.27082				
3.79085	2.0711	3.71563	2.03655	5.16904	2.83994	6.68958	3.67106					4.45714	2.44998	5.94331	3.26397				
3.80538	2.07074	3.73099	2.03678	5.18079	2.83497	6.7027	3.66352					4.47051	2.44746	5.95482	3.25718				
3.81991	2.07039	3.74635	2.03701	5.19256	2.83006	6.71576	3.656					4.4839	2.44497	5.96632	3.25043				
3.83445	2.07004	3.7617	2.03724	5.20434	2.82519	6.72876	3.64852					4.49731	2.44252	5.9778	3.24373				
3.849	2.0697	3.77705	2.03746	5.21614	2.82036	6.7417	3.64105					4.51074	2.4401	5.98928	3.23707				
3.86356	2.06937	3.7924	2.03768	5.22795	2.81559	6.75459	3.63362					4.5242	2.43771	6.00075	3.23047				
3.87812	2.06904	3.80775	2.03789	5.23978	2.81086	6.76741	3.62622					4.53768	2.43535	6.0122	3.22391				
3.89269	2.06872	3.82309	2.0381	5.25162	2.80617	6.78019	3.61884					4.55117	2.43301	6.02365	3.21739				
3.90727	2.06841	3.83843	2.03831	5.26349	2.80153	6.79291	3.6115					4.56469	2.43071	6.0351	3.21093				
3.92186	2.0681	3.85376	2.03852	5.27536	2.79694	6.80558	3.60418					4.57823	2.42844	6.04653	3.20451				
3.93645	2.0678	3.8691	2.03872	5.28726	2.79239	6.8182	3.59689					4.59179	2.42619	6.05796	3.19814				
3.95105	2.0675	3.88443	2.03892	5.29917	2.78788	6.83077	3.58964					4.60537	2.42398	6.06939	3.19181				
3.96565	2.06721	3.89975	2.03912	5.3111	2.78341	6.84329	3.58242					4.61897	2.42179	6.08081	3.18553				
3.98026	2.06693	3.91508	2.03931	5.32304	2.77899	6.85577	3.57522					4.63259	2.41963	6.09223	3.1793				
3.99488	2.06665	3.9304	2.0395	5.335	2.77462	6.8682	3.56806					4.64623	2.41749	6.10364	3.17311				
4.0095	2.06638	3.94572	2.03969	5.34698	2.77028	6.88059	3.56093					4.65989	2.41538	6.11505	3.16697				
4.02414	2.06611	3.96103	2.03987	5.35897	2.76598	6.89294	3.55383					4.67357	2.4133	6.12646	3.16087				
4.03877	2.06584	3.97635	2.04005	5.37098	2.76173	6.90524	3.54677					4.68727	2.41124	6.13786	3.15482				
4.05341	2.06559	3.99166	2.04023	5.38301	2.75752	6.91751	3.53973					4.70099	2.40921	6.14927	3.14882				
4.06806	2.06533	4.00697	2.04041	5.39506	2.75334	6.92973	3.53273					4.71473	2.4072	6.16067	3.14285				
4.08272	2.06508	4.02227	2.04058	5.40712	2.74921	6.94192	3.52576					4.72849	2.40522	6.17207	3.13693				
4.09738	2.06484	4.03757	2.04075	5.4192	2.74512	6.95407	3.51883					4.74226	2.40326	6.18347	3.13106				
4.11204	2.0646	4.05287	2.04092	5.43129	2.74106	6.96619	3.51193					4.75606	2.40133	6.19488	3.12523				
4.12672	2.06437	4.06817	2.04109	5.44341	2.73705	6.97827	3.50506					4.76987	2.39942	6.20628	3.11944				
4.14139	2.06414	4.08346	2.04125	5.45554	2.73307	6.99032	3.49823					4.7837	2.39753	6.21769	3.1137				
4.15607	2.06391	4.09876	2.04141	5.46769	2.72913	7.00233	3.49143					4.79755	2.39567	6.2291	3.108				
4.17076	2.06369	4.11404	2.04157	5.47985	2.72522	7.01432	3.48466					4.81142	2.39383	6.24051	3.10234				
4.18545	2.06347	4.12933	2.04172	5.49203	2.72136	7.02627	3.47793					4.8253	2.39201	6.25192	3.09672				
4.20015	2.06326	4.14462	2.04188	5.50423	2.71753	7.03819	3.47123					4.8392	2.39021	6.26334	3.09115				
4.21486	2.06305	4.1599	2.04203	5.51645	2.71373	7.05009	3.46457					4.85313	2.38844	6.27476	3.08562				
4.22956	2.06284	4.17518	2.04218	5.52868	2.70998	7.06196	3.45794					4.86706	2.38668	6.28618	3.08013				
4.24428	2.06264	4.19045	2.04232	5.54093	2.70625	7.0738	3.45134					4.88102	2.38495	6.29761	3.07468				
4.25899	2.06244	4.20573	2.04247	5.5532	2.70256	7.08562	3.44478					4.89499	2.38324	6.30904	3.06927				
4.27372	2.06225	4.221	2.04261	5.56549	2.69891	7.09741	3.43826					4.90898	2.38155	6.32048	3.06391				
4.28844	2.06206	4.23627	2.04275	5.57779	2.69529	7.10917	3.43177					4.92299	2.37988	6.33192	3.05858				
4.30318	2.06187	4.25153	2.04289	5.59011	2.69171							4.93701	2.37822	6.34337	3.0533				
4.31791	2.06169	4.2668	2.04302	5.60245	2.68816							4.95105	2.37659	6.35482	3.04805				
4.33265	2.06151	4.28206	2.04316	5.6148	2.68464							4.96511	2.37498	6.36628	3.04284				
4.3474	2.06133	4.29732	2.04329	5.62717	2.68115							4.97918	2.37339	6.37775	3.03768				
4.36215	2.06116	4.31258	2.04342	5.63956	2.6777							4.99327	2.37181	6.38922	3.03255				
4.3769	2.06099	4.32783	2.04355	5.65197	2.67428							5.00738	2.37025	6.4007	3.02746				
4.39166	2.06082	4.34309	2.04367	5.66439	2.67089							5.0215	2.36872	6.41219	3.02241				
4.40642	2.06066	4.35834	2.0438	5.67683	2.66753							5.03564	2.3672	6.42368	3.0174				
4.42119	2.0605	4.37359	2.04392	5.68929	2.6642							5.04979	2.3657	6.43519	3.01242				
4.43596	2.06034	4.38883	2.04404	5.70176	2.66091							5.06396	2.36421	6.4467	3.00749				
4.45073	2.06018	4.40408	2.04416	5.71425	2.65764							5.07815	2.36274	6.45821	3.00259				
4.46551	2.06003	4.41932	2.04427	5.72676	2.6544							5.09235	2.36129	6.46974	2.99773				
4.48029	2.05988	4.43456	2.04439	5.73928	2.6512							5.10656	2.35986	6.48127	2.9929				
4.49508	2.05974	4.4498	2.0445	5.75183	2.64802							5.12079	2.35844	6.49282	2.98811				
4.50987	2.05959	4.46503	2.04461	5.76439	2.64487							5.13503	2.35704	6.50437	2.98336				
4.52466	2.05945	4.48026	2.04472	5.77696	2.64175							5.14929	2.35566	6.51593	2.97865				
4.53946	2.05931	4.49549	2.04483	5.78955	2.63866							5.16357	2.35429	6.5275	2.97397				
4.55426	2.05918	4.51072	2.04493	5.80216	2.6356							5.17786	2.35294	6.53908	2.96932				
4.56907	2.05904	4.52595	2.04504	5.81479	2.63257							5.19216	2.3516	6.55068	2.96471				
4.58387	2.05891	4.54118	2.04514	5.82743	2.62956							5.20648	2.35028	6.56228	2.96014				
4.59868	2.05878	4.5564	2.04524	5.84009	2.62658							5.22081	2.34897	6.57389	2.9556				
4.6135	2.05866	4.57162	2.04534	5.85277	2.62363							5.23516	2.34768	6.58551	2.95109				
4.62832	2.05853	4.58684	2.04544	5.86546	2.6207							5.24952	2.34641	6.59714	2.94662				
4.64314	2.05841	4.60206	2.04554	5.87817	2.61781							5.26389	2.34514	6.60878	2.94218				
4.65796	2.05829	4.61727	2.04563	5.89089	2.61493							5.27828	2.3439	6.62043	2.93778				
4.67279	2.05817	4.63248	2.04572	5.90363	2.61209							5.29268	2.34266	6.63209	2.93341				
4.68762	2.05806	4.6477	2.04582	5.91639	2.60926							5.30709	2.34144	6.64376	2.92907				
4.70245	2.05795	4.66291	2.04591	5.92917	2.60647							5.32152	2.34024	6.65545	2.92477				
4.71729	2.05783	4.67811	2.046	5.94196	2.6037							5.33596	2.33904	6.66714	2.92049				
4.73213	2.05772	4.69332	2.04608	5.95476	2.60095							5.35042	2.33786	6.67885	2.91625				
4.74697	2.05762	4.70852	2.04617	5.96759	2.59823							5.36488	2.3367	6.69057	2.91205				
4.76182	2.05751	4.72372	2.04626	5.98042	2.59553							5.37936	2.33554	6.7023	2.90787				
4.77666	2.05741	4.73892	2.04634	5.99328	2.59286							5.39385	2.3344	6.71404	2.90372				
4.79152	2.05731	4.75412	2.04642	6.00615	2.59021							5.40836	2.33328	6.72579	2.89961				
4.80637	2.05721	4.76932	2.0465	6.01904	2.58758							5.42288	2.33216	6.73755	2.89553				
4.82123	2.05711	4.78451	2.04658	6.03194	2.58498							5.43741	2.33106	6.74933	2.89148				
4.83608	2.05701	4.79971	2.04666	6.04486	2.5824							5.45195	2.32997	6.76111	2.88745				
4.85095	2.05692	4.8149	2.04674	6.05779	2.57984							5.46651	2.32889	6.77291	2.88346				
4.86581	2.05683	4.83009	2.04682	6.07074	2.57731							5.48107	2.32782	6.78472	2.8795				
4.88068	2.05673	4.84528	2.04689	6.0837	2.5748							5.49565	2.32677	6.79655	2.87557				
4.89555	2.05664	4.86046	2.04697	6.09668	2.57231							5.51024	2.32573	6.80838	2.87167				
4.91042	2.05656	4.87565	2.04704	6.10968	2.56984							5.52485	2.32469	6.82023	2.86779				
4.92529	2.05647	4.89083	2.04711	6.12269	2.56739							5.53946	2.32367	6.83209	2.86395				
4.94017	2.05639	4.90601	2.04718	6.13572	2.56497							5.55409	2.32266	6.84396	2.86013				
4.95505	2.0563	4.92119	2.04725	6.14876	2.56256							5.56872	2.32166	6.85585	2.85635				
4.96993	2.05622	4.93637	2.04732	6.16182	2.56018							5.58337	2.32068	6.86774	2.85259				
4.98482	2.05614	4.95155	2.04739	6.17489	2.55782							5.59803	2.3197	6.87965	2.84886				
4.9997	2.05606	4.96672	2.04745	6.18797	2.55548							5.61271	2.31873	6.89157	2.84515				
5.01459	2.05598	4.9819	2.04752	6.20108	2.55316							5.62739	2.31778	6.90351	2.84148				
5.02948	2.05591	4.99707	2.04758	6.21419	2.55085							5.64208	2.31683	6.91546	2.83783				
5.04438	2.05583	5.01224	2.04765	6.22733	2.54857							5.65679	2.3159	6.92742	2.83421				
5.05927	2.05576	5.02741	2.04771	6.24047	2.54631							5.6715	2.31497	6.93939	2.83061				
5.07417	2.05569	5.04258	2.04777	6.25363	2.54407							5.68623	2.31405	6.95137	2.82705				
5.08907	2.05562	5.05774	2.04783	6.26681	2.54185							5.70097	2.31315	6.96337	2.82351				
5.10397	2.05555	5.07291	2.04789	6.28	2.53964							5.71571	2.31225	6.97538	2.81999				
5.11887	2.05548	5.08807	2.04795	6.2932	2.53746							5.73047	2.31137	6.98741	2.8165				
5.13378	2.05541	5.10323	2.04801	6.30642	2.53529							5.74524	2.31049	6.99944	2.81304				
5.14869	2.05534	5.11839	2.04806	6.31966	2.53314							5.76002	2.30962	7.01149	2.8096				
5.1636	2.05528	5.13355	2.04812	6.33291	2.53101							5.7748	2.30876	7.02355	2.80619				
5.17851	2.05522	5.14871	2.04817	6.34617	2.5289							5.7896	2.30791	7.03563	2.8028				
5.19342	2.05515	5.16387	2.04823	6.35944	2.52681							5.80441	2.30707	7.04772	2.79944				
5.20834	2.05509	5.17902	2.04828	6.37273	2.52473							5.81923	2.30624	7.05982	2.7961				
5.22325	2.05503	5.19418	2.04833	6.38604	2.52267							5.83406	2.30541	7.07193	2.79278				
5.23817	2.05497	5.20933	2.04838	6.39936	2.52063							5.8489	2.3046	7.08406	2.7895				
5.25309	2.05491	5.22448	2.04844	6.41269	2.51861							5.86374	2.30379	7.0962	2.78623				
5.26801	2.05486	5.23963	2.04849	6.42604	2.5166							5.8786	2.30299	7.10835	2.78299				
5.28294	2.0548	5.25478	2.04853	6.4394	2.51461							5.89347	2.3022						
5.29786	2.05474	5.26992	2.04858	6.45277	2.51264							5.90835	2.30142						
5.31279	2.05469	5.28507	2.04863	6.46616	2.51068							5.92323	2.30065						
5.32772	2.05464	5.30021	2.04868	6.47956	2.50874							5.93813	2.29988						
5.34265	2.05458	5.31536	2.04872	6.49297	2.50682							5.95303	2.29913						
5.35758	2.05453	5.3305	2.04877	6.5064	2.50491							5.96794	2.29838						
5.37252	2.05448	5.34564	2.04881	6.51984	2.50302							5.98286	2.29763						
5.38745	2.05443	5.36078	2.04886	6.5333	2.50115							5.99779	2.2969						
5.40239	2.05438	5.37592	2.0489	6.54677	2.49928							6.01273	2.29617						
5.41733	2.05434	5.39106	2.04894	6.56025	2.49744							6.02768	2.29545						
5.43227	2.05429	5.40619	2.04899	6.57374	2.49561							6.04264	2.29474						
5.44721	2.05424	5.42133	2.04903	6.58725	2.49379							6.05761	2.29403						
5.46216	2.0542	5.43646	2.04907	6.60077	2.49199							6.07258	2.29334						
5.4771	2.05415	5.4516	2.04911	6.6143	2.49021							6.08756	2.29264						
5.49205	2.05411	5.46673	2.04915	6.62785	2.48844							6.10255	2.29196						
5.50699	2.05406	5.48186	2.04919	6.64141	2.48668							6.11755	2.29128						
5.52194	2.05402	5.49699	2.04922	6.65498	2.48494							6.13256	2.29061						
5.53689	2.05398	5.51212	2.04926	6.66856	2.48321							6.14758	2.28995						
5.55184	2.05394	5.52724	2.0493	6.68216	2.4815							6.1626	2.28929						
5.5668	2.0539	5.54237	2.04934	6.69577	2.4798							6.17763	2.28864						
5.58175	2.05386	5.5575	2.04937	6.70939	2.47812							6.19267	2.288						
5.59671	2.05382	5.57262	2.04941	6.72302	2.47644							6.20772	2.28736						
5.61166	2.05378	5.58774	2.04944	6.73667	2.47478							6.22278	2.28673						
5.62662	2.05374	5.60287	2.04948	6.75033	2.47314							6.23784	2.2861						
5.64158	2.05371	5.61799	2.04951	6.764	2.47151							6.25291	2.28548						
5.65654	2.05367	5.63311	2.04954	6.77768	2.46989							6.26799	2.28487						
5.6715	2.05363	5.64823	2.04957	6.79137	2.46828							6.28307	2.28426						
5.68646	2.0536	5.66335	2.04961	6.80508	2.46669							6.29817	2.28366						
5.70143	2.05356	5.67846	2.04964	6.8188	2.46511							6.31327	2.28307						
5.71639	2.05353	5.69358	2.04967	6.83253	2.46354							6.32838	2.28248						
5.73136	2.0535	5.7087	2.0497	6.84627	2.46199							6.34349	2.28189						
5.74633	2.05346	5.72381	2.04973	6.86003	2.46045							6.35861	2.28132						
5.7613	2.05343	5.73893	2.04976	6.87379	2.45892							6.37375	2.28074						
5.77626	2.0534	5.75404	2.04979	6.88757	2.4574							6.38888	2.28018						
5.79124	2.05337	5.76915	2.04982	6.90136	2.45589							6.40403	2.27961						
5.80621	2.05334	5.78426	2.04984	6.91516	2.4544							6.41918	2.27906						
5.82118	2.05331	5.79937	2.04987	6.92897	2.45292							6.43434	2.27851						
5.83615	2.05328	5.81448	2.0499	6.94279	2.45144							6.4495	2.27796						
5.85113	2.05325	5.82959	2.04993	6.95663	2.44999							6.46467	2.27742						
5.8661	2.05322	5.8447	2.04995	6.97047	2.44854							6.47985	2.27689						
5.88108	2.05319	5.85981	2.04998	6.98433	2.4471							6.49504	2.27636						
5.89606	2.05317	5.87491	2.05	6.9982	2.44568							6.51023	2.27583						
5.91104	2.05314	5.89002	2.05003	7.01207	2.44426							6.52543	2.27531						
5.92602	2.05311	5.90512	2.05005	7.02596	2.44286							6.54063	2.2748						
5.941	2.05309	5.92023	2.05008	7.03986	2.44147							6.55584	2.27429						
5.95598	2.05306	5.93533	2.0501	7.05378	2.44009							6.57106	2.27378						
5.97096	2.05304	5.95043	2.05013	7.0677	2.43872							6.58628	2.27328						
5.98594	2.05301	5.96554	2.05015	7.08163	2.43736							6.60151	2.27279						
6.00093	2.05299	5.98064	2.05017	7.09557	2.43601							6.61675	2.27229						
6.01591	2.05296	5.99574	2.05019	7.10953	2.43467							6.63199	2.27181						
6.0309	2.05294	6.01084	2.05022									6.64724	2.27133						
6.04588	2.05292	6.02594	2.05024									6.6625	2.27085						
6.06087	2.05289	6.04103	2.05026									6.67776	2.27037						
6.07586	2.05287	6.05613	2.05028									6.69302	2.26991						
6.09085	2.05285	6.07123	2.0503									6.7083	2.26944						
6.10584	2.05283	6.08632	2.05032									6.72358	2.26898						
6.12083	2.05281	6.10142	2.05034									6.73886	2.26853						
6.13582	2.05278	6.11651	2.05036									6.75415	2.26807						
6.15081	2.05276	6.13161	2.05038									6.76945	2.26763						
6.1658	2.05274	6.1467	2.0504									6.78475	2.26718						
6.1808	2.05272	6.16179	2.05042									6.80006	2.26674						
6.19579	2.0527	6.17689	2.05044									6.81537	2.26631						
6.21079	2.05268	6.19198	2.05046									6.83069	2.26588						
6.22578	2.05267	6.20707	2.05047									6.84601	2.26545						
6.24078	2.05265	6.22216	2.05049									6.86134	2.26502						
6.25578	2.05263	6.23725	2.05051									6.87668	2.2646						
6.27077	2.05261	6.25234	2.05053									6.89202	2.26419						
6.28577	2.05259	6.26743	2.05054									6.90736	2.26377						
6.30077	2.05258	6.28251	2.05056									6.92271	2.26337						
6.31577	2.05256	6.2976	2.05058									6.93807	2.26296						
6.33077	2.05254	6.31269	2.05059									6.95343	2.26256						
6.34577	2.05253	6.32777	2.05061									6.96879	2.26216						
6.36077	2.05251	6.34286	2.05062									6.98417	2.26177						
6.37578	2.05249	6.35795	2.05064									6.99954	2.26138						
6.39078	2.05248	6.37303	2.05065									7.01492	2.26099						
6.40578	2.05246	6.38811	2.05067									7.03031	2.2606						
6.42079	2.05245	6.4032	2.05068									7.0457	2.26022						
6.43579	2.05243	6.41828	2.0507									7.0611	2.25985						
6.4508	2.05242	6.43336	2.05071									7.0765	2.25947						
6.4658	2.0524	6.44844	2.05072									7.0919	2.2591						
6.48081	2.05239	6.46353	2.05074									7.10731	2.25873						
6.49582	2.05238	6.47861	2.05075																
6.51082	2.05236	6.49369	2.05076																
6.52583	2.05235	6.50877	2.05078																
6.54084	2.05234	6.52385	2.05079																
6.55585	2.05232	6.53893	2.0508																
6.57086	2.05231	6.55401	2.05081																
6.58587	2.0523	6.56908	2.05083																
6.60088	2.05228	6.58416	2.05084																
6.61589	2.05227	6.59924	2.05085																
6.6309	2.05226	6.61431	2.05086																
6.64591	2.05225	6.62939	2.05087																
6.66093	2.05224	6.64447	2.05088																
6.67594	2.05223	6.65954	2.0509																
6.69095	2.05221	6.67462	2.05091																
6.70597	2.0522	6.68969	2.05092																
6.72098	2.05219	6.70477	2.05093																
6.73599	2.05218	6.71984	2.05094																
6.75101	2.05217	6.73491	2.05095																
6.76602	2.05216	6.74999	2.05096																
6.78104	2.05215	6.76506	2.05097																
6.79606	2.05214	6.78013	2.05098																
6.81107	2.05213	6.7952	2.05099																
6.82609	2.05212	6.81028	2.051																
6.84111	2.05211	6.82535	2.05101																
6.85613	2.0521	6.84042	2.05101																
6.87114	2.05209	6.85549	2.05102																
6.88616	2.05209	6.87056	2.05103																
6.90118	2.05208	6.88563	2.05104																
6.9162	2.05207	6.9007	2.05105																
6.93122	2.05206	6.91577	2.05106																
6.94624	2.05205	6.93083	2.05107																
6.96126	2.05204	6.9459	2.05107																
6.97628	2.05204	6.96097	2.05108																
6.9913	2.05203	6.97604	2.05109																
7.00633	2.05202	6.99111	2.0511																
7.02135	2.05201	7.00617	2.0511																
7.03637	2.052	7.02124	2.05111																
7.05139	2.052	7.03631	2.05112																
7.06642	2.05199	7.05137	2.05113																
7.08144	2.05198	7.06644	2.05113																
7.09646	2.05198	7.08151	2.05114																
7.11149	2.05197	7.09657	2.05115																
		7.11164	2.05115																
