Sym		Asym		Mode 1		Mode 2		Mode 3		Mode 4		Mode 5		Mode 6	
502  Points		543  Points		494  Points		448  Points		261  Points		257  Points		223  Points		224  Points	
Freq (MHz)	Vph (m/ms)	Freq (MHz)	Vph (m/ms)	Freq (MHz)	Vph (m/ms)	Freq (MHz)	Vph (m/ms)	Freq (MHz)	Vph (m/ms)	Freq (MHz)	Vph (m/ms)	Freq (MHz)	Vph (m/ms)	Freq (MHz)	Vph (m/ms)
0.00214364	3.8104	0.00297072	0.141277	0.124313	1149.82	0.877461	2680.54	1.1	2594.15	1.71285	1030.1	2.17147	1173.1	2.20001	5952.11
0.0114583	3.8105	0.00369874	0.15758	0.12439	48.7314	0.877472	316.572	1.10007	383.502	1.71286	417.035	2.17061	505.32	2.2005	781.964
0.0207726	3.81046	0.00450545	0.173845	0.124607	24.9364	0.877499	168.225	1.10022	207.084	1.71289	261.442	2.16917	321.838	2.19812	418.012
0.0300843	3.81011	0.0053904	0.190064	0.124965	16.7932	0.877542	114.552	1.10048	141.863	1.71292	190.406	2.1673	235.977	2.19625	285.118
0.0394	3.81032	0.00635341	0.206243	0.125464	12.6912	0.877602	86.8472	1.10084	107.906	1.71296	149.727	2.16513	186.187	2.194	216.213
0.0487129	3.81022	0.00739376	0.22237	0.126101	10.2269	0.877679	69.937	1.10129	87.0841	1.71301	123.371	2.16275	153.678	2.19152	174.043
0.0580057	3.80884	0.00851111	0.238444	0.126878	8.58749	0.877772	58.5415	1.10183	73.014	1.71307	104.907	2.16022	130.782	2.18888	145.574
0.0673034	3.80811	0.00970473	0.254459	0.127668	7.55212	0.877882	50.3417	1.10238	62.8668	1.71314	91.2511	2.15759	113.784	2.18615	125.061
0.0766456	3.80978	0.0109743	0.270415	0.128425	6.86	0.878008	44.159	1.10309	55.2107	1.71322	80.7424	2.1549	100.665	2.18335	109.578
0.0858704	3.80588	0.0123191	0.286307	0.129108	6.38442	0.878152	39.3308	1.10404	49.2346	1.71331	72.4053	2.15216	90.2332	2.18052	97.4769
0.0952613	3.80938	0.0137385	0.302129	0.129686	6.05736	0.878312	35.4561	1.10477	44.4247	1.71341	65.6298	2.14939	81.7398	2.17766	87.7593
0.104352	3.80134	0.0152318	0.317881	0.130133	5.84007	0.87849	32.2782	1.10598	40.4929	1.71352	60.0148	2.1466	74.6904	2.1748	79.7841
0.113508	3.79678	0.0167984	0.333561	0.130428	5.71013	0.878684	29.6246	1.10682	37.1949	1.71364	55.2857	2.1438	68.746	2.17193	73.1216
0.136866	4.23205	0.0184378	0.349165	0.130865	5.53468	0.878897	27.3756	1.10829	34.4171	1.71377	51.2483	2.141	63.6656	2.16906	67.4723
0.132472	3.80833	0.020149	0.36469	0.131359	5.35775	0.879126	25.4454	1.10959	32.0262	1.71391	47.7612	2.1382	59.2737	2.1662	62.6216
0.137083	3.68213	0.0219314	0.380132	0.132062	5.13762	0.879373	23.7707	1.11057	29.9419	1.71406	44.7192	2.1354	55.4395	2.16335	58.4116
0.14009	3.55924	0.0237841	0.395488	0.133006	4.88875	0.879638	22.3041	1.11199	28.1267	1.71422	42.0422	2.13261	52.063	2.16051	54.7232
0.142037	3.44957	0.0257065	0.410758	0.134239	4.62535	0.879921	21.0091	1.1135	26.5249	1.71439	39.6682	2.12984	49.0671	2.15769	51.4652
0.143532	3.36323	0.0276978	0.425938	0.135851	4.36082	0.880222	19.8573	1.1151	25.1013	1.71457	37.5486	2.12707	46.3909	2.15488	48.5667
0.144693	3.29865	0.0297569	0.441026	0.1381	4.1105	0.880541	18.8263	1.11678	23.828	1.71476	35.6446	2.12432	43.9859	2.1521	45.9712
0.145544	3.25331	0.0318831	0.456016	0.141682	3.93107	0.880879	17.8981	1.11855	22.6827	1.71496	33.9249	2.12159	41.813	2.14933	43.6337
0.14609	3.22523	0.0340756	0.470912	0.146548	3.80783	0.881235	17.0581	1.1204	21.6472	1.71517	32.3641	2.11887	39.8401	2.14658	41.5176
0.146877	3.18612	0.0363337	0.485709	0.15702	3.83628	0.88161	16.2944	1.12316	20.7218	1.71539	30.9411	2.11617	38.0409	2.14386	39.593
0.147738	3.14524	0.0386564	0.500407	0.166045	3.82815	0.882004	15.597	1.12525	19.8644	1.71562	29.6385	2.11349	36.3935	2.14115	37.835
0.14892	3.09223	0.0410425	0.515	0.17442	3.8067	0.882417	14.9577	1.12742	19.0794	1.71586	28.4415	2.11083	34.8795	2.13847	36.223
0.150435	3.02924	0.0434915	0.529489	0.183705	3.80628	0.882849	14.3696	1.12967	18.3581	1.71611	27.338	2.10819	33.4834	2.13582	34.7396
0.1523	2.95861	0.0460025	0.543872	0.192986	3.80583	0.8833	13.8269	1.132	17.6932	1.71637	26.3173	2.10557	32.1919	2.13318	33.37
0.154536	2.88276	0.0485743	0.558147	0.202265	3.80536	0.883771	13.3244	1.13442	17.0784	1.71664	25.3706	2.10297	30.9939	2.13057	32.1016
0.157168	2.804	0.0512062	0.572315	0.211539	3.80487	0.884262	12.8579	1.13691	16.5084	1.71692	24.49	2.10039	29.8794	2.12799	30.9237
0.15987	2.73301	0.0538971	0.58637	0.22081	3.80435	0.884773	12.4237	1.13948	15.9786	1.71722	23.6689	2.09784	28.8402	2.12542	29.827
0.16264	2.66883	0.0566462	0.600314	0.230077	3.80381	0.885303	12.0187	1.14213	15.485	1.71752	22.9014	2.0953	27.8689	2.12289	28.8033
0.165475	2.61064	0.0594527	0.614147	0.23934	3.80325	0.885854	11.6399	1.14486	15.024	1.71783	22.1825	2.09279	26.959	2.12038	27.8457
0.168373	2.55772	0.0623156	0.627866	0.248599	3.80267	0.886425	11.2849	1.14766	14.5927	1.71815	21.5078	2.09031	26.105	2.11789	26.948
0.171331	2.50948	0.0652339	0.641471	0.257852	3.80205	0.887017	10.9516	1.15053	14.1882	1.71848	20.8732	2.08785	25.3018	2.11543	26.1048
0.174347	2.46538	0.0682065	0.654958	0.267102	3.80142	0.887629	10.6381	1.15348	13.8084	1.71883	20.2754	2.08541	24.5452	2.113	25.3113
0.177418	2.42499	0.0712329	0.668332	0.276346	3.80076	0.888262	10.3427	1.1565	13.4509	1.71918	19.7112	2.083	23.8312	2.1106	24.5632
0.180541	2.38789	0.0743117	0.681586	0.285585	3.80007	0.888915	10.0639	1.1596	13.114	1.71954	19.1779	2.08061	23.1562	2.10822	23.8568
0.183714	2.35376	0.0774425	0.694725	0.294819	3.79936	0.88959	9.80029	1.16276	12.796	1.71992	18.673	2.07825	22.5174	2.10587	23.1888
0.186934	2.32228	0.080624	0.707746	0.304047	3.79862	0.890286	9.55076	1.16599	12.4955	1.7203	18.1943	2.07592	21.9117	2.10354	22.556
0.190199	2.2932	0.0838552	0.720647	0.31327	3.79786	0.891003	9.3142	1.16929	12.2109	1.7207	17.7398	2.07361	21.3368	2.10125	21.9559
0.193507	2.26629	0.0871356	0.733432	0.322487	3.79707	0.891741	9.08965	1.17265	11.9412	1.7211	17.3078	2.07132	20.7904	2.09898	21.386
0.196855	2.24134	0.090464	0.746096	0.331697	3.79626	0.892501	8.87623	1.17608	11.6853	1.72152	16.8967	2.06907	20.2704	2.09674	20.844
0.200242	2.21816	0.0938396	0.758641	0.340901	3.79542	0.893282	8.67315	1.17958	11.4421	1.72195	16.5049	2.06683	19.775	2.09452	20.328
0.203665	2.1966	0.0972616	0.771068	0.350099	3.79455	0.894085	8.47969	1.18314	11.2108	1.72238	16.1311	2.06463	19.3024	2.09234	19.8362
0.207123	2.17652	0.100729	0.783375	0.359289	3.79365	0.89491	8.2952	1.18676	10.9906	1.72283	15.7742	2.06246	18.8513	2.09018	19.367
0.210614	2.15778	0.104241	0.795562	0.368473	3.79273	0.895757	8.11908	1.19044	10.7806	1.72329	15.433	2.06031	18.4201	2.08805	18.9187
0.214137	2.14027	0.107796	0.807631	0.377649	3.79177	0.896626	7.9508	1.19418	10.5803	1.72376	15.1065	2.05819	18.0076	2.08596	18.4902
0.217689	2.12388	0.111395	0.81958	0.386818	3.79079	0.897517	7.78984	1.19799	10.389	1.72425	14.7938	2.05609	17.6126	2.08389	18.0801
0.22127	2.10854	0.115035	0.831412	0.395978	3.78978	0.89843	7.63577	1.20185	10.2061	1.72474	14.4941	2.05403	17.234	2.08185	17.6873
0.224879	2.09414	0.118716	0.843124	0.405131	3.78874	0.899365	7.48815	1.20577	10.0312	1.72524	14.2065	2.05199	16.871	2.07984	17.3107
0.228513	2.08062	0.122438	0.854717	0.414275	3.78767	0.900323	7.3466	1.20974	9.86365	1.72576	13.9303	2.04999	16.5224	2.07786	16.9494
0.232171	2.0679	0.126199	0.866194	0.42341	3.78656	0.901303	7.21077	1.21377	9.70311	1.72629	13.665	2.04801	16.1875	2.07591	16.6025
0.235854	2.05594	0.129999	0.877552	0.432537	3.78543	0.902307	7.08033	1.21785	9.54916	1.72683	13.4097	2.04606	15.8656	2.07399	16.269
0.239558	2.04466	0.133837	0.888793	0.441654	3.78426	0.903332	6.95498	1.22199	9.4014	1.72738	13.1641	2.04414	15.5559	2.0721	15.9484
0.243284	2.03403	0.137712	0.899918	0.450762	3.78306	0.904381	6.83443	1.22618	9.2595	1.72794	12.9276	2.04226	15.2577	2.07024	15.6399
0.247031	2.02399	0.141624	0.910927	0.459859	3.78183	0.905453	6.71842	1.23042	9.12312	1.72851	12.6996	2.0404	14.9704	2.06841	15.3427
0.250797	2.0145	0.145571	0.92182	0.468947	3.78057	0.906548	6.60671	1.23471	8.99197	1.7291	12.4798	2.03857	14.6935	2.06662	15.0564
0.254582	2.00552	0.149552	0.932598	0.478024	3.77926	0.907667	6.49909	1.23905	8.86576	1.72969	12.2677	2.03678	14.4264	2.06485	14.7803
0.258384	1.99702	0.153568	0.943261	0.48709	3.77793	0.908661	6.40846	1.24344	8.74422	1.7303	12.0628	2.03501	14.1685	2.06312	14.5139
0.262204	1.98897	0.157617	0.953812	0.496144	3.77656	0.909522	6.33342	1.24788	8.62713	1.73092	11.865	2.03328	13.9196	2.06141	14.2568
0.26604	1.98133	0.161699	0.96425	0.505187	3.77515	0.910244	6.27286	1.25237	8.51425	1.73155	11.6737	2.03157	13.679	2.05974	14.0084
0.269892	1.97408	0.165813	0.974575	0.514218	3.7737	0.910822	6.2259	1.2569	8.40536	1.7322	11.4887	2.0299	13.4464	2.05811	13.7684
0.273759	1.96719	0.169958	0.984788	0.523237	3.77221	0.91125	6.19188	1.26147	8.30028	1.73286	11.3097	2.02827	13.2215	2.0565	13.5363
0.277641	1.96064	0.174133	0.99489	0.532242	3.77069	0.911526	6.17032	1.26609	8.19881	1.73353	11.1364	2.02666	13.0038	2.05492	13.3117
0.281536	1.95441	0.178339	1.00488	0.541234	3.76912	0.911924	6.13964	1.27076	8.10078	1.73421	10.9686	2.02509	12.7931	2.05338	13.0944
0.285445	1.94848	0.182573	1.01477	0.550212	3.76751	0.91236	6.10669	1.27546	8.00602	1.73491	10.8059	2.02355	12.589	2.05187	12.8839
0.289367	1.94284	0.186837	1.02454	0.559177	3.76586	0.912959	6.06251	1.28021	7.91439	1.73561	10.6482	2.02204	12.3911	2.0504	12.68
0.293301	1.93745	0.191128	1.03421	0.568126	3.76416	0.913723	6.00768	1.285	7.82573	1.73634	10.4952	2.02057	12.1994	2.04895	12.4824
0.297247	1.93232	0.195446	1.04377	0.57706	3.76242	0.91466	5.94289	1.28983	7.73992	1.73707	10.3468	2.01913	12.0134	2.04755	12.2908
0.301204	1.92741	0.199791	1.05323	0.585978	3.76062	0.915777	5.86892	1.2947	7.65682	1.73782	10.2027	2.01773	11.8329	2.04617	12.1049
0.305173	1.92273	0.204163	1.06258	0.594879	3.75878	0.917082	5.78663	1.2996	7.57631	1.73858	10.0628	2.01636	11.6578	2.04483	11.9245
0.309152	1.91826	0.208559	1.07183	0.603763	3.75689	0.918412	5.707	1.30455	7.49828	1.73936	9.92679	2.01502	11.4877	2.04352	11.7494
0.313142	1.91399	0.212981	1.08097	0.612629	3.75495	0.919768	5.62991	1.30953	7.42263	1.74015	9.79465	2.01372	11.3225	2.04225	11.5793
0.317141	1.9099	0.217427	1.09001	0.621477	3.75295	0.92115	5.55524	1.31455	7.34925	1.74095	9.66618	2.01246	11.162	2.04101	11.4141
0.32115	1.90598	0.221897	1.09896	0.630306	3.7509	0.922558	5.48291	1.3196	7.27804	1.74177	9.54122	2.01123	11.006	2.0398	11.2535
0.325169	1.90223	0.22639	1.1078	0.639114	3.74878	0.923993	5.4128	1.32469	7.20892	1.7426	9.41964	2.01004	10.8542	2.03863	11.0974
0.329196	1.89865	0.230906	1.11654	0.647902	3.74661	0.925456	5.34484	1.32982	7.1418	1.74344	9.30131	2.00888	10.7067	2.0375	10.9456
0.333232	1.89521	0.235444	1.12518	0.656668	3.74437	0.926946	5.27892	1.33497	7.07659	1.7443	9.18611	2.00776	10.5631	2.0364	10.7979
0.337277	1.89191	0.240004	1.13373	0.66541	3.74206	0.928465	5.21497	1.34016	7.01323	1.74518	9.07391	2.00668	10.4233	2.03533	10.6542
0.34133	1.88874	0.244585	1.14218	0.674129	3.73969	0.930014	5.15292	1.34538	6.95163	1.74607	8.9646	2.00563	10.2873	2.0343	10.5142
0.345391	1.88571	0.249187	1.15054	0.682823	3.73724	0.931592	5.09269	1.35064	6.89173	1.74698	8.85808	2.00463	10.1548	2.03331	10.378
0.34946	1.88279	0.253808	1.1588	0.691491	3.73471	0.933201	5.03421	1.35592	6.83346	1.7479	8.75425	2.00366	10.0258	2.03235	10.2453
0.353536	1.88	0.25845	1.16696	0.700131	3.7321	0.934842	4.97743	1.36124	6.77676	1.74884	8.65301	2.00273	9.90003	2.03143	10.116
0.357619	1.87731	0.263111	1.17504	0.708743	3.72941	0.936515	4.92227	1.36658	6.72157	1.74979	8.55426	2.00184	9.77748	2.03055	9.98999
0.36171	1.87472	0.26779	1.18302	0.717323	3.72663	0.938223	4.8687	1.37196	6.66783	1.75076	8.45793	2.00099	9.65801	2.0297	9.86716
0.365808	1.87224	0.272488	1.19092	0.725871	3.72375	0.939965	4.81664	1.37736	6.6155	1.75174	8.36392	2.00018	9.54152	2.02889	9.74739
0.369912	1.86985	0.277204	1.19872	0.734385	3.72077	0.941745	4.76606	1.38209	6.57099	1.75275	8.27216	1.99941	9.42791	2.02812	9.63058
0.374023	1.86756	0.281937	1.20644	0.742864	3.71768	0.943563	4.71691	1.38614	6.53383	1.75377	8.18258	1.99868	9.31707	2.02739	9.51663
0.37814	1.86535	0.286687	1.21406	0.751303	3.71447	0.94542	4.66914	1.3895	6.50363	1.7548	8.09509	1.99799	9.20892	2.02669	9.40544
0.382264	1.86322	0.291454	1.2216	0.759702	3.71115	0.947321	4.62271	1.39216	6.48009	1.75586	8.00963	1.99734	9.10336	2.02603	9.29691
0.386393	1.86118	0.296238	1.22906	0.768056	3.70769	0.949265	4.5776	1.39412	6.46296	1.75693	7.92614	1.99673	9.00033	2.02541	9.19097
0.390529	1.85921	0.301037	1.23643	0.776365	3.70408	0.951257	4.53376	1.39538	6.45207	1.75802	7.84456	1.99617	8.89972	2.02483	9.08753
0.394671	1.85731	0.305851	1.24372	0.784623	3.70033	0.953299	4.49117	1.39719	6.43654	1.75913	7.76481	1.99565	8.80147	2.02429	8.9865
0.398818	1.85548	0.310681	1.25092	0.792826	3.6964	0.955395	4.4498	1.39916	6.4198	1.76026	7.68685	1.99517	8.70551	2.02378	8.88781
0.402971	1.85372	0.315525	1.25805	0.800972	3.6923	0.957548	4.40962	1.40185	6.39727	1.76141	7.61062	1.99473	8.61176	2.02332	8.79139
0.40713	1.85203	0.320384	1.26509	0.809055	3.688	0.959762	4.37062	1.40525	6.36917	1.76257	7.53606	1.99434	8.52015	2.02289	8.69717
0.411294	1.85039	0.325257	1.27205	0.817069	3.68349	0.962043	4.33278	1.40938	6.33574	1.76376	7.46313	1.99399	8.43062	2.02251	8.60508
0.415463	1.84882	0.330143	1.27894	0.825009	3.67875	0.964396	4.29608	1.41424	6.2973	1.76496	7.39178	1.99369	8.34312	2.02216	8.51505
0.419637	1.8473	0.335043	1.28574	0.832869	3.67375	0.966827	4.26051	1.41985	6.25417	1.76619	7.32196	1.99343	8.25757	2.02186	8.42703
0.423817	1.84584	0.339955	1.29247	0.84064	3.66847	0.969343	4.22608	1.42547	6.21207	1.76744	7.25362	1.99322	8.17393	2.02159	8.34095
0.428002	1.84443	0.344881	1.29912	0.848314	3.66289	0.971953	4.19277	1.43112	6.17095	1.76871	7.18673	1.99306	8.09213	2.02137	8.25675
0.432191	1.84306	0.349818	1.3057	0.855883	3.65697	0.974664	4.1606	1.43679	6.13078	1.77	7.12124	1.99294	8.01213	2.02119	8.17439
0.436386	1.84175	0.354768	1.3122	0.863335	3.65068	0.977487	4.12956	1.44249	6.09154	1.77131	7.05711	1.99287	7.93387	2.02105	8.09381
0.440585	1.84049	0.359729	1.31863	0.87066	3.64399	0.980432	4.09966	1.4482	6.05319	1.77264	6.99431	1.99284	7.85731	2.02095	8.01496
0.444789	1.83927	0.364702	1.32499	0.877845	3.63685	0.983512	4.07093	1.45394	6.01571	1.774	6.9328	1.99287	7.7824	2.0209	7.93778
0.448998	1.83809	0.369686	1.33127	0.884877	3.62923	0.986739	4.04337	1.4597	5.97906	1.77538	6.87254	1.99294	7.7091	2.02088	7.86225
0.453211	1.83696	0.374681	1.33748	0.891743	3.62109	0.990125	4.01701	1.46548	5.94321	1.7766	6.82102	1.99306	7.63735	2.02091	7.7883
0.457429	1.83587	0.379686	1.34363	0.898428	3.61238	0.993686	3.99187	1.47127	5.90815	1.77766	6.77782	1.99323	7.56713	2.02099	7.71589
0.461652	1.83481	0.384702	1.3497	0.904917	3.60306	0.997434	3.96796	1.47709	5.87385	1.77854	6.74259	1.99345	7.49839	2.0211	7.64499
0.465879	1.8338	0.389728	1.35571	0.911199	3.5931	1.00138	3.9453	1.48292	5.84029	1.77925	6.71504	1.99373	7.43109	2.02127	7.57556
0.47011	1.83282	0.394763	1.36164	0.917259	3.58246	1.00554	3.9239	1.48878	5.80743	1.77977	6.69495	1.99405	7.36519	2.02147	7.50755
0.474346	1.83187	0.399808	1.36752	0.923089	3.57114	1.00992	3.90376	1.49465	5.77527	1.7801	6.68217	1.99443	7.30066	2.02172	7.44093
0.478586	1.83096	0.404862	1.37332	0.928681	3.55912	1.01453	3.88486	1.50054	5.74377	1.78059	6.6639	1.99486	7.23747	2.02202	7.37567
0.482831	1.83009	0.409925	1.37906	0.934031	3.5464	1.01937	3.86718	1.50645	5.71293	1.78112	6.64418	1.99534	7.17558	2.02236	7.31172
0.487079	1.82924	0.414998	1.38474	0.939139	3.533	1.02443	3.85069	1.51237	5.68271	1.78185	6.61758	1.99587	7.11496	2.02275	7.24906
0.491333	1.82843	0.420078	1.39035	0.94401	3.51896	1.02972	3.83534	1.51831	5.6531	1.78277	6.58431	1.99646	7.05558	2.02318	7.18765
0.49559	1.82765	0.425167	1.3959	0.94865	3.50433	1.03523	3.82106	1.52426	5.62409	1.78391	6.54461	1.99711	6.9974	2.02367	7.12747
0.499851	1.8269	0.430264	1.40138	0.953071	3.48915	1.04094	3.80778	1.53023	5.59565	1.78526	6.49877	1.99771	6.94767	2.0242	7.06847
0.504117	1.82617	0.435369	1.40681	0.957286	3.4735	1.04684	3.79542	1.53622	5.56777	1.78683	6.44714	1.99826	6.90597	2.02477	7.01065
0.508387	1.82547	0.440481	1.41218	0.96131	3.45744	1.05291	3.7839	1.54222	5.54043	1.78844	6.3965	1.99874	6.87196	2.02532	6.96118
0.512661	1.8248	0.445601	1.41748	0.96516	3.44103	1.05914	3.77313	1.54823	5.51362	1.79007	6.34684	1.99913	6.84537	2.02581	6.91969
0.51694	1.82416	0.450728	1.42273	0.968852	3.42435	1.06551	3.76305	1.55426	5.48732	1.79173	6.29814	1.99943	6.82599	2.02624	6.88583
0.521222	1.82354	0.455862	1.42792	0.972401	3.40745	1.072	3.75357	1.56031	5.46152	1.79341	6.25037	1.99963	6.81365	2.02659	6.85934
0.525509	1.82295	0.461003	1.43305	0.975824	3.39041	1.07859	3.74462	1.56636	5.4362	1.79513	6.2035	1.99991	6.79602	2.02685	6.84003
0.529799	1.82238	0.466151	1.43812	0.979134	3.37326	1.08528	3.73614	1.57243	5.41136	1.79688	6.15753	2.00023	6.777	2.02702	6.82774
0.534094	1.82184	0.471305	1.44314	0.982346	3.35606	1.09205	3.72806	1.57851	5.38697	1.79866	6.11243	2.00067	6.75133	2.02728	6.81017
0.538393	1.82131	0.476465	1.4481	0.985469	3.33885	1.09888	3.72034	1.5846	5.36302	1.80047	6.06817	2.00125	6.71924	2.02756	6.7912
0.542696	1.82081	0.481631	1.45301	0.988517	3.32166	1.10577	3.71293	1.59071	5.33951	1.80232	6.02475	2.00198	6.68096	2.02795	6.76562
0.547003	1.82034	0.486803	1.45786	0.991497	3.30453	1.1127	3.70578	1.59682	5.31641	1.80419	5.98215	2.00287	6.63677	2.02847	6.7336
0.551315	1.81988	0.491981	1.46266	0.994419	3.28749	1.11967	3.69887	1.60295	5.29373	1.8061	5.94034	2.00396	6.58701	2.02912	6.6954
0.55563	1.81944	0.497165	1.46741	0.997291	3.27055	1.12666	3.69215	1.60909	5.27145	1.80805	5.8993	2.0051	6.53824	2.02992	6.65128
0.55995	1.81903	0.502354	1.4721	1.00012	3.25374	1.13367	3.6856	1.61524	5.24955	1.81003	5.85904	2.00631	6.49044	2.03088	6.60156
0.564274	1.81863	0.507548	1.47674	1.00291	3.23707	1.14069	3.6792	1.6214	5.22803	1.81205	5.81952	2.00758	6.44358	2.0319	6.5528
0.568602	1.81826	0.512747	1.48133	1.00566	3.22056	1.14772	3.67291	1.62756	5.20688	1.8141	5.78074	2.0089	6.39765	2.03296	6.50496
0.572934	1.8179	0.517951	1.48588	1.00839	3.20421	1.15475	3.66673	1.63374	5.18609	1.81619	5.74267	2.01029	6.35262	2.03409	6.45805
0.57727	1.81756	0.52316	1.49037	1.01109	3.18803	1.16178	3.66064	1.63993	5.16564	1.81833	5.70532	2.01175	6.30849	2.03527	6.41202
0.581611	1.81724	0.528373	1.49481	1.01378	3.17204	1.1688	3.65461	1.64612	5.14554	1.8205	5.66865	2.01327	6.26522	2.0365	6.36687
0.585956	1.81694	0.533591	1.4992	1.01644	3.15624	1.17581	3.64864	1.65233	5.12576	1.82271	5.63267	2.01485	6.2228	2.03779	6.32258
0.590305	1.81666	0.538814	1.50355	1.01909	3.14063	1.18281	3.64271	1.65854	5.10631	1.82496	5.59735	2.01649	6.18122	2.03913	6.27913
0.594658	1.81639	0.54404	1.50785	1.02173	3.12521	1.18978	3.63682	1.66476	5.08718	1.82726	5.56269	2.0182	6.14046	2.04053	6.2365
0.599016	1.81614	0.54927	1.5121	1.02435	3.10999	1.19674	3.63095	1.67099	5.06835	1.8296	5.52868	2.01998	6.10049	2.04199	6.19468
0.603378	1.81591	0.554505	1.51631	1.02697	3.09497	1.20367	3.6251	1.67722	5.04982	1.83199	5.4953	2.02183	6.06132	2.04351	6.15366
0.607744	1.81569	0.559743	1.52047	1.02958	3.08015	1.21058	3.61926	1.68346	5.03158	1.83442	5.46254	2.02374	6.02291	2.04509	6.11341
0.612115	1.81549	0.564985	1.52458	1.03219	3.06552	1.21746	3.61342	1.68971	5.01362	1.8369	5.4304	2.02572	5.98525	2.04673	6.07392
0.616491	1.81531	0.569555	1.52813	1.03479	3.0511	1.22431	3.60757	1.69597	4.99595	1.83943	5.39887	2.02776	5.94834	2.04842	6.03517
0.62087	1.81514	0.573454	1.53113	1.03739	3.03688	1.23112	3.60171	1.70223	4.97854	1.84201	5.36793	2.02988	5.91215	2.05018	5.99716
0.625254	1.81498	0.576679	1.53359	1.03999	3.02285	1.23791	3.59584	1.70849	4.9614	1.84465	5.33758	2.03206	5.87668	2.052	5.95988
0.629643	1.81484	0.579229	1.53553	1.04258	3.00902	1.24465	3.58995	1.71477	4.94451	1.84733	5.3078	2.03432	5.8419	2.05389	5.9233
0.634036	1.81472	0.581106	1.53695	1.04518	2.99539	1.25137	3.58404	1.72104	4.92788	1.85007	5.2786	2.03664	5.80781	2.05583	5.88741
0.638434	1.81461	0.582307	1.53785	1.04778	2.98194	1.25804	3.5781	1.72733	4.91149	1.85287	5.24997	2.03904	5.77439	2.05785	5.8522
0.642836	1.81452	0.584033	1.53914	1.05038	2.96869	1.26467	3.57213	1.73361	4.89534	1.85572	5.22189	2.04151	5.74164	2.05992	5.81767
0.647244	1.81444	0.58591	1.54055	1.05298	2.95563	1.27126	3.56612	1.73991	4.87943	1.85864	5.19436	2.04405	5.70953	2.06207	5.78379
0.651655	1.81437	0.588464	1.54245	1.05559	2.94275	1.27781	3.56008	1.7462	4.86374	1.86161	5.16737	2.04666	5.67805	2.06428	5.75056
0.656072	1.81432	0.591694	1.54483	1.0582	2.93006	1.28432	3.55401	1.7525	4.84828	1.86465	5.14092	2.04934	5.6472	2.06656	5.71797
0.660493	1.81429	0.595602	1.5477	1.06081	2.91755	1.29078	3.54789	1.7588	4.83303	1.86775	5.115	2.0521	5.61697	2.0689	5.68601
0.66492	1.81426	0.600189	1.55103	1.06343	2.90522	1.2972	3.54173	1.76511	4.818	1.87092	5.08961	2.05493	5.58733	2.07132	5.65465
0.669351	1.81425	0.605454	1.55482	1.06605	2.89306	1.30357	3.53553	1.77142	4.80317	1.87416	5.06473	2.05784	5.55829	2.0738	5.62391
0.673787	1.81426	0.610723	1.55856	1.06868	2.88108	1.30989	3.52929	1.77773	4.78855	1.87746	5.04037	2.06082	5.52982	2.07636	5.59376
0.678228	1.81427	0.615993	1.56227	1.07131	2.86927	1.31617	3.523	1.78405	4.77413	1.88084	5.01651	2.06387	5.50193	2.07898	5.56419
0.682674	1.8143	0.621266	1.56593	1.07395	2.85763	1.3224	3.51666	1.79036	4.75989	1.88429	4.99316	2.067	5.47459	2.08168	5.5352
0.687125	1.81435	0.626542	1.56956	1.0766	2.84616	1.32858	3.51027	1.79668	4.74585	1.88781	4.9703	2.0702	5.44781	2.08445	5.50677
0.691582	1.8144	0.631819	1.57315	1.07925	2.83485	1.33471	3.50384	1.803	4.73199	1.89141	4.94793	2.07348	5.42156	2.0873	5.47891
0.696043	1.81447	0.637099	1.5767	1.08191	2.8237	1.34079	3.49736	1.80933	4.71832	1.89508	4.92604	2.07683	5.39584	2.09022	5.45159
0.70051	1.81455	0.642381	1.58021	1.08457	2.81271	1.34682	3.49083	1.81565	4.70482	1.89883	4.90462	2.08026	5.37064	2.09321	5.42481
0.704982	1.81464	0.647664	1.58368	1.08724	2.80188	1.3528	3.48424	1.82197	4.69149	1.90266	4.88368	2.08377	5.34595	2.09628	5.39856
0.709459	1.81475	0.65295	1.58712	1.08992	2.7912	1.35872	3.47761	1.8283	4.67833	1.90657	4.8632	2.08735	5.32176	2.09942	5.37283
0.713942	1.81487	0.658237	1.59052	1.09261	2.78067	1.3646	3.47093	1.83463	4.66534	1.91056	4.84317	2.09101	5.29807	2.10264	5.34762
0.71843	1.815	0.663526	1.59389	1.0953	2.77028	1.37042	3.46421	1.84095	4.6525	1.91462	4.82358	2.09474	5.27485	2.10594	5.32292
0.722924	1.81514	0.668816	1.59722	1.098	2.76005	1.37619	3.45743	1.84728	4.63983	1.91877	4.80444	2.09855	5.25211	2.10931	5.29871
0.727423	1.8153	0.674108	1.60051	1.10071	2.74996	1.38191	3.4506	1.85361	4.62731	1.92299	4.78572	2.10243	5.22984	2.11277	5.27499
0.731928	1.81547	0.679401	1.60377	1.10342	2.74001	1.38757	3.44372	1.85993	4.61494	1.92729	4.76742	2.10639	5.20802	2.11629	5.25175
0.736439	1.81565	0.684695	1.60699	1.10615	2.7302	1.39318	3.4368	1.86626	4.60272	1.93167	4.74953	2.11042	5.18665	2.1199	5.22898
0.740955	1.81584	0.689991	1.61018	1.10888	2.72052	1.39874	3.42983	1.87258	4.59064	1.93612	4.73205	2.11454	5.16572	2.12359	5.20668
0.745477	1.81604	0.695287	1.61334	1.11162	2.71098	1.40424	3.42281	1.8789	4.5787	1.94065	4.71495	2.11872	5.14522	2.12736	5.18484
0.750005	1.81625	0.700585	1.61647	1.11436	2.70157	1.4097	3.41575	1.88523	4.5669	1.94526	4.69823	2.12298	5.12514	2.1312	5.16345
0.754538	1.81648	0.705884	1.61956	1.11712	2.6923	1.41509	3.40864	1.89155	4.55524	1.94993	4.68187	2.12732	5.10548	2.13513	5.1425
0.759078	1.81672	0.711183	1.62262	1.11988	2.68315	1.42044	3.40148	1.89786	4.54371	1.95467	4.66588	2.13173	5.08622	2.13913	5.12199
0.763624	1.81697	0.716483	1.62564	1.12265	2.67412	1.42573	3.39429	1.90418	4.5323	1.95948	4.65022	2.13621	5.06737	2.14321	5.1019
0.768176	1.81723	0.721784	1.62864	1.12543	2.66522	1.43097	3.38705	1.91049	4.52103	1.96436	4.63491	2.14077	5.0489	2.14737	5.08224
0.772733	1.8175	0.727086	1.6316	1.12821	2.65644	1.43616	3.37978	1.9168	4.50987	1.9693	4.61991	2.1454	5.03082	2.15161	5.06298
0.777297	1.81778	0.732388	1.63453	1.13101	2.64778	1.44129	3.37246	1.92311	4.49884	1.97429	4.60523	2.1501	5.01311	2.15593	5.04413
0.781868	1.81808	0.737691	1.63743	1.13381	2.63924	1.44638	3.3651	1.92942	4.48793	1.97935	4.59084	2.15488	4.99577	2.16033	5.02568
0.786444	1.81838	0.742994	1.64031	1.13662	2.63081	1.45141	3.35771	1.93572	4.47713	1.98446	4.57675	2.15972	4.9788	2.16481	5.00762
0.791027	1.8187	0.748298	1.64315	1.13944	2.6225	1.45639	3.35029	1.94202	4.46645	1.98963	4.56294	2.16464	4.96217	2.16936	4.98994
0.795616	1.81903	0.753602	1.64596	1.14227	2.6143	1.46132	3.34283	1.94832	4.45588	1.99484	4.54939	2.16963	4.94589	2.174	4.97264
0.800211	1.81937	0.758906	1.64874	1.1451	2.6062	1.46619	3.33533	1.95461	4.44541	2.0001	4.5361	2.17469	4.92996	2.17871	4.9557
0.804813	1.81972	0.764211	1.65149	1.14794	2.59822	1.47102	3.32781	1.96089	4.43506	2.00541	4.52306	2.17982	4.91435	2.18349	4.93913
0.809422	1.82008	0.769515	1.65422	1.15079	2.59034	1.4758	3.32026	1.96718	4.4248	2.01075	4.51026	2.18502	4.89907	2.18836	4.92291
0.814037	1.82045	0.774819	1.65692	1.15365	2.58257	1.48053	3.31268	1.97346	4.41465	2.01614	4.49768	2.19028	4.8841	2.1933	4.90704
0.818659	1.82083	0.780124	1.65958	1.15652	2.5749	1.48521	3.30508	1.97973	4.4046	2.02157	4.48533	2.19561	4.86945	2.19831	4.8915
0.823287	1.82122	0.785428	1.66222	1.1594	2.56733	1.48984	3.29745	1.986	4.39465	2.02703	4.47319	2.20101	4.8551	2.2034	4.8763
0.827922	1.82163	0.790733	1.66484	1.16228	2.55986	1.49443	3.2898	1.99226	4.38479	2.03253	4.46125	2.20648	4.84105	2.20856	4.86143
0.832564	1.82204	0.796037	1.66742	1.16518	2.55249	1.49897	3.28213	1.99852	4.37502	2.03806	4.44951	2.212	4.82729	2.2138	4.84687
0.837212	1.82246	0.80134	1.66998	1.16808	2.54521	1.50346	3.27444	2.00477	4.36535	2.04361	4.43795	2.2176	4.81382	2.2191	4.83263
0.841867	1.8229	0.806644	1.67251	1.17098	2.53803	1.5079	3.26673	2.01102	4.35577	2.04919	4.42658	2.22325	4.80062	2.22448	4.81869
0.846529	1.82334	0.811947	1.67502	1.1739	2.53095	1.51231	3.25901	2.01726	4.34627	2.0548	4.41538	2.22897	4.7877	2.22993	4.80505
0.851198	1.8238	0.81725	1.6775	1.17683	2.52395	1.51667	3.25128	2.02349	4.33686	2.06044	4.40435	2.23475	4.77504	2.23545	4.7917
0.855874	1.82426	0.822552	1.67995	1.17976	2.51705	1.52098	3.24353	2.02972	4.32754	2.06609	4.39348	2.24059	4.76264	2.24103	4.77863
0.860557	1.82473	0.827853	1.68238	1.1827	2.51023	1.52525	3.23577	2.03594	4.3183	2.07177	4.38277	2.24649	4.7505	2.24669	4.76585
0.865247	1.82522	0.833154	1.68479	1.18565	2.5035	1.52948	3.22801	2.04215	4.30913	2.07746	4.3722	2.25245	4.73861	2.25241	4.75333
0.869943	1.82571	0.838455	1.68716	1.18861	2.49686	1.53367	3.22024	2.04836	4.30005	2.08317	4.36178	2.25846	4.72695	2.25819	4.74109
0.874647	1.82621	0.843754	1.68952	1.19157	2.4903	1.53782	3.21246	2.05456	4.29105	2.0889	4.3515	2.26454	4.71554	2.26404	4.7291
0.879358	1.82672	0.849053	1.69185	1.19455	2.48383	1.54193	3.20469	2.06075	4.28212	2.09464	4.34136	2.27066	4.70435	2.26996	4.71736
0.884075	1.82725	0.854351	1.69415	1.19753	2.47744	1.54601	3.19691	2.06694	4.27326	2.10039	4.33134	2.27685	4.69339	2.27593	4.70587
0.8888	1.82778	0.859648	1.69643	1.20052	2.47113	1.55004	3.18913	2.07311	4.26448	2.10616	4.32145	2.28308	4.68265	2.28197	4.69463
0.893532	1.82832	0.864945	1.69869	1.20352	2.4649	1.55404	3.18135	2.07928	4.25577	2.11194	4.31168	2.28937	4.67212	2.28806	4.68361
0.898271	1.82887	0.87024	1.70092	1.20653	2.45874	1.558	3.17358	2.08544	4.24713	2.11773	4.30203	2.29571	4.66181	2.29422	4.67283
0.903017	1.82942	0.875534	1.70314	1.20954	2.45267	1.56192	3.16581	2.09159	4.23855	2.12352	4.29249	2.3021	4.65169	2.30043	4.66227
0.90777	1.82999	0.880827	1.70532	1.21256	2.44667	1.56582	3.15806	2.09773	4.23005	2.12933	4.28306	2.30854	4.64178	2.3067	4.65193
0.91253	1.83057	0.88612	1.70749	1.21559	2.44074	1.56967	3.1503	2.10387	4.2216	2.13514	4.27374	2.31503	4.63206	2.31302	4.6418
0.917297	1.83115	0.89141	1.70963	1.21863	2.43489	1.5735	3.14256	2.10999	4.21323	2.14096	4.26452	2.32157	4.62253	2.3194	4.63188
0.922071	1.83174	0.8967	1.71175	1.22168	2.42912	1.57729	3.13484	2.11611	4.20491	2.14678	4.2554	2.32815	4.61318	2.32583	4.62215
0.926852	1.83234	0.901989	1.71385	1.22473	2.42341	1.58105	3.12712	2.12221	4.19666	2.15261	4.24637	2.33478	4.60402	2.33231	4.61263
0.931641	1.83295	0.907276	1.71592	1.22779	2.41777	1.58479	3.11942	2.12831	4.18847	2.15844	4.23744	2.34145	4.59503	2.33885	4.60329
0.936436	1.83357	0.912561	1.71798	1.23086	2.41221	1.58849	3.11174	2.13439	4.18033	2.16428	4.2286	2.34817	4.58621	2.34543	4.59415
0.941238	1.83419	0.917846	1.72001	1.23394	2.40671	1.59216	3.10407	2.14047	4.17226	2.17011	4.21985	2.35493	4.57755	2.35206	4.58518
0.946047	1.83482	0.923129	1.72202	1.23703	2.40128	1.59581	3.09642	2.14653	4.16424	2.17595	4.21119	2.36173	4.56906	2.35874	4.57639
0.950864	1.83546	0.92841	1.72401	1.24012	2.39592	1.59943	3.08879	2.15259	4.15627	2.18179	4.20261	2.36857	4.56073	2.36546	4.56777
0.955687	1.83611	0.93369	1.72598	1.24322	2.39062	1.60302	3.08119	2.15863	4.14836	2.18763	4.19411	2.37545	4.55255	2.37223	4.55932
0.960517	1.83676	0.938968	1.72793	1.24633	2.38538	1.60659	3.07361	2.16466	4.1405	2.19347	4.18569	2.38237	4.54452	2.37904	4.55103
0.965354	1.83742	0.944244	1.72986	1.24945	2.38021	1.61013	3.06605	2.17068	4.1327	2.19931	4.17734	2.38932	4.53663	2.38589	4.5429
0.970198	1.83809	0.949519	1.73177	1.25257	2.37511	1.61365	3.05851	2.17669	4.12494	2.20514	4.16907	2.39632	4.52889	2.39279	4.53492
0.975049	1.83876	0.954792	1.73366	1.2557	2.37006	1.61715	3.051	2.18269	4.11724	2.21098	4.16087	2.40334	4.52129	2.39972	4.52709
0.979906	1.83945	0.960063	1.73553	1.25885	2.36508	1.62062	3.04352	2.18868	4.10958	2.21681	4.15275			2.4067	4.51941
0.98477	1.84013	0.965333	1.73737	1.26199	2.36015	1.62408	3.03607	2.19465	4.10197	2.22264	4.14469				
0.989641	1.84083	0.9706	1.7392	1.26515	2.35529	1.62751	3.02865	2.20062	4.09441	2.22847	4.13669				
0.994519	1.84153	0.975866	1.74101	1.26831	2.35048	1.63092	3.02125	2.20657	4.0869	2.23429	4.12877				
0.999403	1.84223	0.98113	1.7428	1.27148	2.34573	1.63431	3.01389	2.21251	4.07942	2.24011	4.1209				
1.00429	1.84294	0.986391	1.74457	1.27466	2.34104	1.63769	3.00656	2.21843	4.072	2.24592	4.1131				
1.00919	1.84366	0.991651	1.74633	1.27785	2.3364	1.64105	2.99926	2.22434	4.06461	2.25173	4.10536				
1.01409	1.84438	0.996908	1.74806	1.28105	2.33182	1.64439	2.992	2.23024	4.05727	2.25753	4.09767				
1.019	1.84511	1.00216	1.74977	1.28425	2.3273	1.64771	2.98477	2.23613	4.04997	2.26332	4.09004				
1.02392	1.84584	1.00742	1.75147	1.28746	2.32283	1.65102	2.97758	2.242	4.04271	2.26911	4.08247				
1.02884	1.84658	1.01267	1.75315	1.29068	2.31841	1.65431	2.97042	2.24786	4.03548	2.2749	4.07496				
1.03377	1.84732	1.01792	1.75481	1.2939	2.31404	1.65759	2.9633	2.25371	4.0283	2.28067	4.06749				
1.03871	1.84806	1.02316	1.75645	1.29713	2.30972	1.66085	2.95622	2.25954	4.02116	2.28644	4.06008				
1.04365	1.84881	1.02841	1.75808	1.30037	2.30546	1.6641	2.94917	2.26536	4.01405	2.2922	4.05272				
1.04859	1.84957	1.03365	1.75968	1.30362	2.30124	1.66734	2.94216	2.27116	4.00698	2.29795	4.0454				
1.05355	1.85033	1.03889	1.76127	1.30688	2.29708	1.67056	2.93519	2.27695	3.99994	2.3037	4.03814				
1.05851	1.85109	1.04412	1.76284	1.31014	2.29296	1.67378	2.92827	2.28272	3.99294	2.30943	4.03092				
1.06347	1.85185	1.04936	1.7644	1.31341	2.2889	1.67698	2.92138	2.28848	3.98597	2.31516	4.02375				
1.06844	1.85262	1.05459	1.76594	1.31669	2.28488	1.68018	2.91453	2.29423	3.97903	2.32088	4.01662				
1.07342	1.85339	1.05982	1.76746	1.31998	2.28091	1.68336	2.90772	2.29996	3.97213	2.32659	4.00954				
1.0784	1.85417	1.06504	1.76896	1.32327	2.27698	1.68653	2.90095	2.30567	3.96526	2.33228	4.0025				
1.08338	1.85495	1.07026	1.77045	1.32657	2.2731	1.6897	2.89423	2.31137	3.95842	2.33797	3.9955				
1.08838	1.85573	1.07548	1.77192	1.32988	2.26927	1.69285	2.88754	2.31706	3.95161	2.34365	3.98854				
1.09337	1.85651	1.0807	1.77337	1.3332	2.26548	1.696	2.8809	2.32273	3.94484	2.34932	3.98162				
1.09838	1.8573	1.08592	1.77481	1.33652	2.26173	1.69914	2.8743	2.32838	3.93809	2.35497	3.97474				
1.10338	1.85808	1.09113	1.77623	1.33986	2.25803	1.70228	2.86775	2.33402	3.93137	2.36062	3.9679				
1.1084	1.85887	1.09634	1.77764	1.3432	2.25437	1.70541	2.86123	2.33964	3.92468	2.36626	3.9611				
1.11342	1.85967	1.10154	1.77902	1.34654	2.25075	1.70853	2.85476	2.34524	3.91801	2.37188	3.95433				
1.11844	1.86046	1.10674	1.7804	1.3499	2.24718	1.71164	2.84834	2.35083	3.91137	2.37749	3.9476				
1.12347	1.86125	1.11194	1.78176	1.35326	2.24365	1.71475	2.84195	2.3564	3.90476	2.38309	3.9409				
1.1285	1.86205	1.11714	1.7831	1.35663	2.24016	1.71786	2.83561	2.36196	3.89818	2.38868	3.93424				
1.13354	1.86285	1.12233	1.78442	1.36001	2.2367	1.72096	2.82932	2.3675	3.89162	2.39425	3.92761				
1.13858	1.86365	1.12752	1.78573	1.36339	2.23329	1.72406	2.82307	2.37302	3.88508	2.39982	3.92101				
1.14362	1.86445	1.13271	1.78703	1.36679	2.22992	1.72716	2.81686	2.37852	3.87857	2.40537	3.91444				
1.14867	1.86525	1.13789	1.78831	1.37019	2.22659	1.73025	2.8107	2.38401	3.87209						
1.15373	1.86605	1.14307	1.78957	1.3736	2.2233	1.73334	2.80458	2.38948	3.86563						
1.15879	1.86685	1.14825	1.79082	1.37701	2.22004	1.73642	2.7985	2.39493	3.85919						
1.16385	1.86765	1.15342	1.79206	1.38044	2.21683	1.73951	2.79247	2.40037	3.85277						
1.16892	1.86845	1.15859	1.79328	1.38387	2.21365	1.74259	2.78648								
1.17399	1.86926	1.16375	1.79448	1.38731	2.21051	1.74567	2.78054								
1.17906	1.87006	1.16891	1.79567	1.39075	2.2074	1.74875	2.77464								
1.18414	1.87086	1.17407	1.79685	1.39421	2.20433	1.75182	2.76879								
1.18923	1.87166	1.17922	1.79801	1.39767	2.2013	1.7549	2.76298								
1.19431	1.87247	1.18437	1.79916	1.40114	2.1983	1.75798	2.75721								
1.1994	1.87327	1.18952	1.80029	1.40462	2.19533	1.76106	2.75149								
1.2045	1.87407	1.19466	1.8014	1.4081	2.19241	1.76413	2.74581								
1.20959	1.87487	1.1998	1.80251	1.4116	2.18951	1.76721	2.74017								
1.2147	1.87567	1.20493	1.8036	1.4151	2.18665	1.77029	2.73458								
1.2198	1.87647	1.21006	1.80467	1.41861	2.18382	1.77337	2.72903								
1.22491	1.87726	1.21519	1.80573	1.42212	2.18103	1.77645	2.72353								
1.23002	1.87806	1.22031	1.80678	1.42565	2.17827	1.77953	2.71807								
1.23513	1.87885	1.22543	1.80781	1.42918	2.17554	1.78262	2.71265								
1.24025	1.87965	1.23054	1.80883	1.43272	2.17285	1.7857	2.70727								
1.24537	1.88044	1.23565	1.80984	1.43627	2.17018	1.78879	2.70194								
1.25049	1.88123	1.24075	1.81083	1.43982	2.16755	1.79188	2.69665								
1.25561	1.88202	1.24585	1.81181	1.44339	2.16495	1.79497	2.6914								
1.26074	1.88281	1.25094	1.81277	1.44696	2.16238	1.79807	2.6862								
1.26587	1.88359	1.25603	1.81372	1.45054	2.15984	1.80116	2.68104								
1.271	1.88437	1.26112	1.81466	1.45413	2.15733	1.80426	2.67592								
1.27614	1.88516	1.2662	1.81558	1.45772	2.15485	1.80737	2.67084								
1.28128	1.88594	1.27127	1.81649	1.46133	2.1524	1.81048	2.6658								
1.28642	1.88671	1.27634	1.81739	1.46494	2.14998	1.81359	2.6608								
1.29156	1.88749	1.28141	1.81827	1.46856	2.14759	1.8167	2.65585								
1.2967	1.88826	1.28647	1.81914	1.47219	2.14522	1.81982	2.65093								
1.30185	1.88903	1.29152	1.82	1.47583	2.14289	1.82294	2.64606								
1.307	1.8898	1.29657	1.82085	1.47947	2.14059	1.82607	2.64122								
1.31215	1.89057	1.30162	1.82168	1.48313	2.13831	1.8292	2.63643								
1.3173	1.89133	1.30666	1.82249	1.48679	2.13606	1.83233	2.63167								
1.32246	1.89209	1.31169	1.8233	1.49046	2.13384	1.83547	2.62696								
1.32762	1.89285	1.31672	1.82409	1.49414	2.13165	1.83861	2.62229								
1.33278	1.89361	1.32174	1.82487	1.49782	2.12948	1.84176	2.61765								
1.33794	1.89436	1.32676	1.82564	1.50152	2.12734	1.84492	2.61305								
1.3431	1.89511	1.33177	1.82639	1.50522	2.12523	1.84807	2.60849								
1.34826	1.89586	1.33678	1.82713	1.50893	2.12314	1.85124	2.60397								
1.35343	1.8966	1.34178	1.82786	1.51265	2.12108	1.8544	2.59949								
1.3586	1.89735	1.34677	1.82857	1.51638	2.11905	1.85758	2.59505								
1.36377	1.89808	1.35176	1.82927	1.52012	2.11704	1.86076	2.59064								
1.36894	1.89882	1.35674	1.82996	1.52387	2.11506	1.86394	2.58627								
1.37411	1.89955	1.36172	1.83064	1.52762	2.1131	1.86713	2.58194								
1.37928	1.90028	1.36669	1.8313	1.53139	2.11117	1.87032	2.57765								
1.38446	1.90101	1.37165	1.83195	1.53516	2.10926	1.87353	2.57339								
1.38963	1.90173	1.37661	1.83259	1.53894	2.10738	1.87673	2.56917								
1.39481	1.90245	1.38156	1.83322	1.54274	2.10552	1.87994	2.56498								
1.39999	1.90317	1.38651	1.83383	1.54653	2.10369	1.88316	2.56083								
1.40517	1.90389	1.39145	1.83443	1.55034	2.10188	1.88639	2.55671								
1.41035	1.9046	1.39638	1.83502	1.55416	2.1001	1.88961	2.55263								
1.41553	1.90531	1.40131	1.8356	1.55799	2.09834	1.89285	2.54859								
1.42071	1.90601	1.40623	1.83616	1.56182	2.0966	1.89609	2.54458								
1.42589	1.90671	1.41114	1.83672	1.56567	2.09489	1.89934	2.5406								
1.43108	1.90741	1.41604	1.83726	1.56952	2.0932	1.90259	2.53666								
1.43626	1.9081	1.42094	1.83778	1.57339	2.09154	1.90585	2.53275								
1.44145	1.9088	1.42583	1.8383	1.57726	2.08989	1.90912	2.52888								
1.44664	1.90948	1.43072	1.8388	1.58114	2.08827	1.91239	2.52504								
1.45183	1.91017	1.4356	1.83929	1.58503	2.08668	1.91567	2.52123								
1.45701	1.91085	1.44047	1.83977	1.58893	2.0851	1.91896	2.51746								
1.4622	1.91153	1.44533	1.84024	1.59284	2.08355	1.92225	2.51371								
1.46739	1.9122	1.45019	1.84069	1.59676	2.08202	1.92555	2.51								
1.47258	1.91287	1.45504	1.84113	1.60069	2.08051	1.92885	2.50633								
1.47778	1.91354	1.45988	1.84156	1.60463	2.07903	1.93216	2.50268								
1.48297	1.9142	1.46471	1.84198	1.60858	2.07756	1.93548	2.49906								
1.48816	1.91486	1.46954	1.84239	1.61254	2.07612	1.93881	2.49548								
1.49335	1.91552	1.47436	1.84279	1.61651	2.0747	1.94214	2.49193								
1.49855	1.91617	1.47917	1.84317	1.62049	2.0733	1.94548	2.48841								
1.50374	1.91682	1.48398	1.84354	1.62447	2.07192	1.94882	2.48491								
1.50893	1.91747	1.48877	1.8439	1.62847	2.07057	1.95217	2.48145								
1.51413	1.91811	1.49356	1.84425	1.63248	2.06923	1.95553	2.47802								
1.51932	1.91875	1.49835	1.84458	1.63649	2.06791	1.95889	2.47462								
1.52452	1.91939	1.50312	1.84491	1.64052	2.06662	1.96226	2.47125								
1.52971	1.92002	1.50789	1.84522	1.64456	2.06534	1.96564	2.4679								
1.53491	1.92065	1.51264	1.84553	1.64861	2.06409	1.96903	2.46459								
1.5401	1.92127	1.51739	1.84582	1.65266	2.06286	1.97242	2.4613								
1.5453	1.92189	1.52214	1.8461	1.65673	2.06164	1.97582	2.45804								
1.5505	1.92251	1.52687	1.84636	1.66081	2.06045	1.97922	2.45481								
1.55569	1.92312	1.5316	1.84662	1.66489	2.05928	1.98263	2.45161								
1.56089	1.92373	1.53632	1.84687	1.66899	2.05812	1.98605	2.44844								
1.56609	1.92434	1.54103	1.8471	1.6731	2.05699	1.98948	2.44529								
1.57128	1.92495	1.54573	1.84732	1.67722	2.05587	1.99291	2.44217								
1.57648	1.92555	1.55042	1.84754	1.68135	2.05477	1.99635	2.43908								
1.58168	1.92614	1.55511	1.84774	1.68549	2.0537	1.99979	2.43602								
1.58687	1.92673	1.55979	1.84793	1.68963	2.05264	2.00324	2.43298								
1.59207	1.92732	1.56446	1.84811	1.69379	2.0516	2.0067	2.42996								
1.59727	1.92791	1.56912	1.84828	1.69796	2.05058	2.01017	2.42698								
1.60246	1.92849	1.57377	1.84844	1.70214	2.04957	2.01364	2.42401								
1.60766	1.92907	1.57842	1.84859	1.70633	2.04859	2.01712	2.42108								
1.61285	1.92965	1.58305	1.84872	1.71053	2.04762	2.02061	2.41817								
1.61805	1.93022	1.58768	1.84885	1.71474	2.04668	2.0241	2.41528								
1.62325	1.93079	1.5923	1.84897	1.71897	2.04574	2.0276	2.41242								
1.62844	1.93135	1.59691	1.84908	1.7232	2.04483	2.03111	2.40959								
1.63364	1.93191	1.60152	1.84918	1.72744	2.04394	2.03462	2.40677								
1.63883	1.93247	1.60612	1.84926	1.73169	2.04306	2.03814	2.40399								
1.64403	1.93302	1.6107	1.84934	1.73595	2.0422	2.04166	2.40122								
1.64922	1.93357	1.61528	1.84941	1.74023	2.04136	2.0452	2.39848								
1.65442	1.93412	1.61986	1.84947	1.74451	2.04053	2.04874	2.39577								
1.65961	1.93466	1.62442	1.84952	1.7488	2.03972	2.05228	2.39307								
1.66481	1.9352	1.62897	1.84955	1.75311	2.03893	2.05584	2.3904								
1.67	1.93574	1.63352	1.84958	1.75742	2.03815	2.0594	2.38775								
1.67519	1.93627	1.63806	1.84961	1.76175	2.03739	2.06296	2.38513								
1.68039	1.9368	1.64259	1.84962	1.76608	2.03664	2.06654	2.38253								
1.68558	1.93733	1.64712	1.84962	1.77043	2.03592	2.07012	2.37995								
1.69077	1.93785	1.65163	1.84961	1.77478	2.0352	2.0737	2.37739								
1.69596	1.93837	1.65614	1.8496	1.77915	2.03451	2.0773	2.37485								
1.70115	1.93889	1.66064	1.84957	1.78352	2.03382	2.0809	2.37234								
1.70634	1.9394	1.66513	1.84954	1.78791	2.03316	2.0845	2.36984								
1.71153	1.93991	1.66962	1.8495	1.7923	2.03251	2.08811	2.36737								
1.71672	1.94042	1.67409	1.84945	1.79671	2.03187	2.09173	2.36492								
1.72191	1.94092	1.67856	1.8494	1.80113	2.03125	2.09536	2.36249								
1.7271	1.94142	1.68302	1.84933	1.80555	2.03064	2.09899	2.36008								
1.73229	1.94191	1.68748	1.84926	1.80999	2.03005	2.10263	2.35769								
1.73747	1.94241	1.69193	1.84918	1.81443	2.02947	2.10627	2.35532								
1.74266	1.94289	1.69636	1.84909	1.81889	2.02891	2.10992	2.35298								
1.74785	1.94338	1.7008	1.84899	1.82335	2.02836	2.11358	2.35065								
1.75303	1.94386	1.70522	1.84889	1.82783	2.02782	2.11725	2.34834								
1.75822	1.94434	1.70964	1.84878	1.83231	2.0273	2.12092	2.34605								
1.7634	1.94482	1.71405	1.84866	1.8368	2.02679	2.12459	2.34378								
1.76858	1.94529	1.71845	1.84854	1.84131	2.02629	2.12828	2.34153								
1.77377	1.94576	1.72285	1.84841	1.84582	2.02581	2.13197	2.33929								
1.77895	1.94622	1.72724	1.84827	1.85034	2.02534	2.13566	2.33708								
1.78413	1.94669	1.73162	1.84812	1.85487	2.02488	2.13936	2.33488								
1.78931	1.94714	1.73599	1.84797	1.85941	2.02443	2.14307	2.33271								
1.79449	1.9476	1.74036	1.84781	1.86396	2.024	2.14678	2.33055								
1.79967	1.94805	1.74473	1.84765	1.86852	2.02358	2.15051	2.32841								
1.80485	1.9485	1.74908	1.84748	1.87309	2.02317	2.15423	2.32629								
1.81002	1.94895	1.75343	1.8473	1.87766	2.02277	2.15796	2.32418								
1.8152	1.94939	1.75777	1.84712	1.88225	2.02238	2.1617	2.3221								
1.82038	1.94983	1.76211	1.84694	1.88684	2.02201	2.16545	2.32003								
1.82555	1.95027	1.76644	1.84674	1.89144	2.02164	2.1692	2.31797								
1.83072	1.9507	1.77076	1.84654	1.89605	2.02129	2.17295	2.31594								
1.8359	1.95113	1.77508	1.84634	1.90067	2.02095	2.17672	2.31392								
1.84107	1.95156	1.77939	1.84613	1.9053	2.02061	2.18049	2.31192								
1.84624	1.95198	1.7837	1.84592	1.90993	2.02029	2.18426	2.30993								
1.85141	1.9524	1.788	1.8457	1.91458	2.01998	2.18804	2.30797								
1.85658	1.95282	1.7923	1.84548	1.91923	2.01968	2.19183	2.30601								
1.86175	1.95323	1.79658	1.84525	1.92389	2.01939	2.19562	2.30408								
1.86692	1.95365	1.80087	1.84502	1.92856	2.01911	2.19942	2.30216								
1.87208	1.95405	1.80515	1.84478	1.93323	2.01883	2.20322	2.30025								
1.87725	1.95446	1.80942	1.84454	1.93791	2.01857	2.20703	2.29837								
1.88241	1.95486	1.81369	1.84429	1.9426	2.01832	2.21085	2.29649								
1.88758	1.95526	1.81795	1.84404	1.9473	2.01807	2.21467	2.29464								
1.89274	1.95565	1.82221	1.84379	1.95201	2.01784	2.21849	2.29279								
1.8979	1.95605	1.82646	1.84353	1.95672	2.01761	2.22233	2.29097								
1.90306	1.95644	1.8307	1.84327	1.96144	2.01739	2.22617	2.28916								
1.90822	1.95682	1.83495	1.84301	1.96616	2.01718	2.23001	2.28736								
1.91338	1.95721	1.83918	1.84274	1.9709	2.01698	2.23386	2.28558								
1.91853	1.95759	1.84342	1.84247	1.97564	2.01679	2.23771	2.28381								
1.92369	1.95796	1.84765	1.84219	1.98039	2.0166	2.24157	2.28206								
1.92885	1.95834	1.85187	1.84191	1.98514	2.01642	2.24544	2.28032								
1.934	1.95871	1.85609	1.84163	1.9899	2.01625	2.24931	2.27859								
1.93915	1.95908	1.8603	1.84135	1.99467	2.01609	2.25319	2.27688								
1.9443	1.95944	1.86452	1.84106	1.99944	2.01593	2.25707	2.27518								
1.94945	1.9598	1.86872	1.84077	2.00422	2.01578	2.26096	2.2735								
1.9546	1.96016	1.87292	1.84048	2.00901	2.01564	2.26485	2.27183								
1.95975	1.96052	1.87712	1.84019	2.0138	2.01551	2.26875	2.27018								
1.9649	1.96087	1.88132	1.83989	2.0186	2.01538	2.27265	2.26853								
1.97004	1.96122	1.88551	1.83959	2.0234	2.01526	2.27656	2.2669								
1.97518	1.96157	1.8897	1.83929	2.02821	2.01514	2.28048	2.26529								
1.98033	1.96191	1.89388	1.83899	2.03302	2.01503	2.2844	2.26369								
1.98547	1.96226	1.89806	1.83868	2.03785	2.01493	2.28832	2.2621								
1.99061	1.96259	1.90223	1.83837	2.04267	2.01483	2.29225	2.26052								
1.99575	1.96293	1.90641	1.83806	2.0475	2.01474	2.29619	2.25895								
2.00088	1.96326	1.91058	1.83775	2.05234	2.01465	2.30013	2.2574								
2.00602	1.96359	1.91474	1.83744	2.05718	2.01457	2.30407	2.25586								
2.01115	1.96392	1.91891	1.83712	2.06203	2.01449	2.30802	2.25433								
2.01629	1.96424	1.92306	1.83681	2.06688	2.01442	2.31198	2.25282								
2.02142	1.96456	1.92722	1.83649	2.07174	2.01436	2.31594	2.25132								
2.02655	1.96488	1.93137	1.83617	2.0766	2.0143	2.31991	2.24983								
2.03168	1.9652	1.93552	1.83585	2.08147	2.01425	2.32388	2.24835								
2.0368	1.96551	1.93967	1.83553	2.08634	2.0142	2.32785	2.24688								
2.04193	1.96582	1.94382	1.8352	2.09122	2.01415	2.33183	2.24542								
2.04705	1.96612	1.94796	1.83488	2.0961	2.01411	2.33582	2.24398								
2.05218	1.96643	1.9521	1.83455	2.10099	2.01407	2.33981	2.24255								
2.0573	1.96673	1.95623	1.83423	2.10588	2.01404	2.3438	2.24112								
2.06242	1.96702	1.96037	1.8339	2.11077	2.01401	2.3478	2.23971								
2.06753	1.96732	1.9645	1.83357	2.11567	2.01399	2.35181	2.23831								
2.07265	1.96761	1.96863	1.83324	2.12057	2.01397	2.35582	2.23693								
2.07777	1.9679	1.97275	1.83291	2.12548	2.01396	2.35983	2.23555								
2.08288	1.96819	1.97688	1.83258	2.13039	2.01394	2.36385	2.23418								
2.08799	1.96847	1.981	1.83225	2.1353	2.01394	2.36788	2.23283								
2.0931	1.96875	1.98512	1.83192	2.14022	2.01393	2.3719	2.23148								
2.09821	1.96903	1.98924	1.83159	2.14514	2.01393	2.37594	2.23015								
2.10332	1.9693	1.99335	1.83126	2.15007	2.01393	2.37997	2.22882								
2.10842	1.96957	1.99747	1.83092	2.155	2.01394	2.38402	2.22751								
2.11352	1.96984	2.00158	1.83059	2.15993	2.01395	2.38806	2.22621								
2.11863	1.97011	2.00569	1.83026	2.16487	2.01396	2.39211	2.22491								
2.12372	1.97037	2.00979	1.82992	2.16981	2.01398	2.39617	2.22363								
2.12882	1.97063	2.0139	1.82959	2.17475	2.014	2.40023	2.22236								
2.13392	1.97089	2.018	1.82926	2.1797	2.01402										
2.13901	1.97114	2.02211	1.82892	2.18465	2.01404										
2.1441	1.9714	2.02621	1.82859	2.1896	2.01407										
2.1492	1.97165	2.0303	1.82825	2.19456	2.0141										
2.15428	1.97189	2.0344	1.82792	2.19951	2.01413										
2.15937	1.97214	2.0385	1.82758	2.20448	2.01417										
2.16446	1.97238	2.04259	1.82725	2.20944	2.0142										
2.16954	1.97261	2.04668	1.82691	2.21441	2.01424										
2.17462	1.97285	2.05077	1.82658	2.21938	2.01429										
2.1797	1.97308	2.05486	1.82625	2.22435	2.01433										
2.18477	1.97331	2.05895	1.82591	2.22933	2.01438										
2.18985	1.97354	2.06304	1.82558	2.23431	2.01443										
2.19492	1.97376	2.06712	1.82525	2.23929	2.01448										
2.19999	1.97398	2.07121	1.82491	2.24427	2.01453										
2.20506	1.9742	2.07529	1.82458	2.24926	2.01459										
2.21013	1.97441	2.07937	1.82425	2.25424	2.01464										
2.21519	1.97462	2.08345	1.82392	2.25924	2.0147										
2.22025	1.97483	2.08753	1.82359	2.26423	2.01476										
2.22531	1.97504	2.09161	1.82326	2.26922	2.01482										
2.23037	1.97524	2.09569	1.82293	2.27422	2.01489										
2.23542	1.97544	2.09976	1.8226	2.27922	2.01495										
2.24048	1.97564	2.10384	1.82227	2.28422	2.01502										
2.24553	1.97583	2.10791	1.82194	2.28923	2.01509										
2.25058	1.97603	2.11199	1.82161	2.29423	2.01516										
2.25562	1.97622	2.11606	1.82128	2.29924	2.01523										
2.26067	1.9764	2.12013	1.82096	2.30425	2.0153										
2.26571	1.97658	2.1242	1.82063	2.30926	2.01538										
2.27074	1.97676	2.12827	1.8203	2.31427	2.01545										
2.27578	1.97694	2.13234	1.81998	2.31929	2.01553										
2.28081	1.97712	2.13641	1.81966	2.3243	2.01561										
2.28585	1.97729	2.14048	1.81933	2.32932	2.01569										
2.29087	1.97746	2.14454	1.81901	2.33434	2.01577										
2.2959	1.97762	2.14861	1.81869	2.33936	2.01585										
2.30092	1.97778	2.15267	1.81837	2.34439	2.01593										
2.30594	1.97794	2.15674	1.81805	2.34941	2.01601										
2.31096	1.9781	2.1608	1.81773	2.35444	2.0161										
2.31598	1.97825	2.16487	1.81741	2.35947	2.01618										
2.32099	1.9784	2.16893	1.81709	2.3645	2.01627										
2.326	1.97855	2.17299	1.81677	2.36953	2.01636										
2.33101	1.9787	2.17706	1.81646	2.37456	2.01645										
2.33601	1.97884	2.18112	1.81614	2.37959	2.01653										
2.34101	1.97898	2.18518	1.81583	2.38463	2.01662										
2.34601	1.97911	2.18924	1.81552	2.38966	2.01671										
2.351	1.97924	2.1933	1.8152	2.3947	2.0168										
2.356	1.97937	2.19736	1.81489	2.39974	2.01689										
2.36099	1.9795	2.20142	1.81458	2.40478	2.01699										
2.36597	1.97962	2.20548	1.81427												
2.37096	1.97974	2.20954	1.81396												
2.37594	1.97986	2.2136	1.81365												
2.38091	1.97998	2.21765	1.81335												
2.38589	1.98009	2.22171	1.81304												
2.39086	1.98019	2.22577	1.81274												
2.39582	1.9803	2.22983	1.81243												
2.40079	1.9804	2.23388	1.81213												
		2.23794	1.81183												
		2.242	1.81153												
		2.24605	1.81123												
		2.25011	1.81093												
		2.25416	1.81063												
		2.25822	1.81033												
		2.26228	1.81004												
		2.26633	1.80974												
		2.27039	1.80945												
		2.27444	1.80916												
		2.2785	1.80887												
		2.28255	1.80857												
		2.28661	1.80829												
		2.29066	1.808												
		2.29472	1.80771												
		2.29877	1.80742												
		2.30283	1.80714												
		2.30688	1.80685												
		2.31093	1.80657												
		2.31499	1.80629												
		2.31904	1.80601												
		2.3231	1.80573												
		2.32715	1.80545												
		2.33121	1.80517												
		2.33526	1.80489												
		2.33932	1.80462												
		2.34337	1.80434												
		2.34743	1.80407												
		2.35148	1.8038												
		2.35554	1.80353												
		2.35959	1.80326												
		2.36365	1.80299												
		2.3677	1.80272												
		2.37176	1.80245												
		2.37581	1.80219												
		2.37987	1.80192												
		2.38392	1.80166												
		2.38798	1.8014												
		2.39204	1.80113												
		2.39609	1.80087												
		2.40015	1.80061												
