L(0,1)		F(1,1)		L(0,2)		L(0,3)		L(0,4)		L(0,5)		F(1,2)		F(1,3)		F(1,4)		F(1,5)		F(1,6)		F(1,7)		T(0,2)	
270  Points		295  Points		257  Points		212  Points		123  Points		95  Points		264  Points		238  Points		224  Points		196  Points		188  Points		116  Points		194  Points	
Freq (MHz)	Vph (m/ms)	Freq (MHz)	Vph (m/ms)	Freq (MHz)	Vph (m/ms)	Freq (MHz)	Vph (m/ms)	Freq (MHz)	Vph (m/ms)	Freq (MHz)	Vph (m/ms)	Freq (MHz)	Vph (m/ms)	Freq (MHz)	Vph (m/ms)	Freq (MHz)	Vph (m/ms)	Freq (MHz)	Vph (m/ms)	Freq (MHz)	Vph (m/ms)	Freq (MHz)	Vph (m/ms)	Freq (MHz)	Vph (m/ms)
0.0055213	3.59992	0.0040241	0.312886	0.438837	576.277	1.06295	331.792	1.11931	430.995	1.91985	1188.78	0.237251	130.767	0.467596	255.537	0.575915	318.821	1.14939	318.701	1.31187	371.31	1.47369	6227.9	1.19291	533.77
0.019531	3.59961	0.00673838	0.40221	0.438852	94.3031	1.06298	149.804	1.11963	172.539	1.91986	348.615	0.238034	41.7134	0.467752	81.7465	0.576032	101.085	1.14959	153.308	1.31204	176.701	1.47371	356.938	1.19298	194.708
0.033531	3.59852	0.0100703	0.487774	0.43889	51.3576	1.06303	96.7452	1.12022	107.908	1.91989	204.26	0.239612	24.9633	0.468071	48.6858	0.576273	60.0869	1.14994	100.954	1.31233	115.958	1.47377	183.741	1.19311	119.083
0.0475159	3.59693	0.0139642	0.569091	0.438952	35.2915	1.0631	71.4447	1.12109	78.5436	1.91993	144.449	0.241951	17.9346	0.468551	34.6915	0.576637	42.7684	1.15043	75.2761	1.31274	86.3107	1.47386	123.719	1.19329	85.779
0.0614781	3.59474	0.0183618	0.645866	0.439041	26.8855	1.0632	56.6369	1.12222	61.7771	1.91999	111.734	0.245005	14.0947	0.469196	26.9678	0.577126	33.2161	1.15107	60.0296	1.31327	68.7518	1.474	93.2605	1.19355	67.0403
0.0754112	3.59197	0.0232065	0.71798	0.439163	21.7169	1.06332	46.9162	1.12361	50.9396	1.92006	91.1032	0.24872	11.6907	0.470006	22.0759	0.577744	27.1662	1.15184	49.9343	1.31392	57.1426	1.47416	74.8411	1.19386	55.0278
0.0893073	3.58858	0.0284424	0.785396	0.439324	18.2184	1.06348	40.0459	1.12526	43.363	1.92014	76.9049	0.253034	10.0542	0.470982	18.7027	0.578491	22.9932	1.15275	42.7591	1.31469	48.899	1.47437	62.5015	1.19423	46.6721
0.103157	3.58451	0.0340192	0.848228	0.439531	15.694	1.06366	34.933	1.12717	37.7714	1.92024	66.5368	0.257884	8.87442	0.472127	16.2384	0.579372	19.9431	1.1538	37.3987	1.31559	42.7444	1.47462	53.6585	1.19466	40.5249
0.116952	3.57972	0.0391197	0.899347	0.439793	13.7873	1.06388	30.9801	1.12933	33.4774	1.92036	58.6333	0.263204	7.98765	0.473443	14.3612	0.580391	17.6178	1.15498	33.2432	1.3166	37.9751	1.4749	47.0108	1.19516	35.8133
0.130682	3.57418	0.0436227	0.940363	0.440121	12.2971	1.06413	27.833	1.13174	30.0784	1.92049	52.4091	0.268933	7.29934	0.474932	12.8851	0.581552	15.7878	1.1563	29.9283	1.31774	34.1717	1.47522	41.8315	1.19572	32.0877
0.144335	3.5678	0.0474422	0.972574	0.440528	11.1012	1.06443	25.2683	1.13438	27.3224	1.92063	47.3805	0.274212	6.81524	0.476596	11.6953	0.582862	14.3112	1.15774	27.2232	1.319	31.0687	1.47558	37.6828	1.19633	29.0682
0.157899	3.56051	0.050518	0.996991	0.441028	10.1212	1.06476	23.1384	1.13726	25.044	1.92079	43.2333	0.278894	6.46688	0.478437	10.7169	0.584326	13.0957	1.15931	24.9745	1.32039	28.4894	1.47598	34.2851	1.19701	26.5717
0.171357	3.55223	0.0528085	1.01437	0.441639	9.30412	1.06514	21.3415	1.14037	23.13	1.92096	39.7544	0.282875	6.21467	0.480458	9.89912	0.585951	12.0785	1.16101	23.0761	1.3219	26.3124	1.47641	31.4517	1.19775	24.4737
0.184693	3.54284	0.0542863	1.02523	0.44238	8.61346	1.06556	19.8054	1.1437	21.5002	1.92114	36.7945	0.286086	6.03457	0.482659	9.2062	0.587747	11.2157	1.16282	21.4526	1.32353	24.4506	1.47689	29.053	1.19855	22.6859
0.197887	3.53221	0.0564264	1.04052	0.443274	8.02287	1.06602	18.4773	1.14725	20.0966	1.92134	34.2455	0.288478	5.91169	0.48504	8.61227	0.58972	10.4753	1.16475	20.0486	1.32529	22.8409	1.4774	26.9961	1.19941	21.1445
0.210916	3.52022	0.0587726	1.0567	0.444347	7.51304	1.06653	17.3179	1.15102	18.8756	1.92155	32.0275	0.290022	5.83692	0.487603	8.09813	0.591882	9.83384	1.16679	18.8227	1.32718	21.4356	1.47795	25.2131	1.20033	19.802
0.223753	3.50668	0.0619942	1.07798	0.445629	7.06948	1.06709	16.297	1.15499	17.8044	1.92178	30.0799	0.292257	5.73432	0.490346	7.64924	0.594244	9.2734	1.16894	17.7433	1.3292	20.1984	1.47855	23.6527	1.20131	18.6225
0.236368	3.4914	0.0661163	1.10377	0.446944	6.72831	1.0677	15.3914	1.15917	16.8574	1.92201	28.3562	0.294708	5.62889	0.493266	7.25434	0.596817	8.78026	1.1712	16.7859	1.33134	19.1012	1.47918	22.2759	1.20236	17.578
0.248724	3.47419	0.0711638	1.13333	0.448229	6.46622	1.06835	14.5826	1.16355	16.0146	1.92227	26.8198	0.298072	5.49473	0.49636	6.90461	0.599614	8.34365	1.17355	15.931	1.33362	18.1219	1.47986	21.0521	1.20346	16.6469
0.260782	3.45479	0.0771613	1.16587	0.449421	6.26725	1.06905	13.8561	1.16812	15.26	1.92253	25.4419	0.302369	5.33866	0.499192	6.63114	0.60265	7.95506	1.176	15.1631	1.33602	17.2426	1.48058	19.9573	1.20462	15.8117
0.272495	3.43295	0.0841294	1.20055	0.450453	6.12029	1.0698	13.1999	1.17288	14.5808	1.92281	24.1992	0.30762	5.16756	0.501702	6.418	0.605939	7.60762	1.17855	14.4697	1.33855	16.449	1.48134	18.9722	1.20584	15.0584
0.283813	3.40841	0.0911733	1.23261	0.451266	6.01768	1.0706	12.6044	1.17782	13.9665	1.9231	23.0727	0.313836	4.9878	0.503842	6.25409	0.609497	7.29578	1.18118	13.8407	1.34121	15.7294	1.48214	18.0812	1.20712	14.3757
0.294683	3.38092	0.0982783	1.26225	0.451811	5.95432	1.07145	12.0617	1.18294	13.4084	1.9234	22.0468	0.321017	4.80472	0.505573	6.13169	0.61334	7.01495	1.18389	13.2674	1.344	15.0741	1.48299	17.2715	1.20846	13.7541
0.30505	3.35026	0.105432	1.28966	0.452632	5.86626	1.07234	11.5651	1.18824	12.8994	1.92372	21.1087	0.32822	4.64211	0.506868	6.04547	0.617482	6.76134	1.18669	12.7429	1.34692	14.475	1.48388	16.5325	1.20986	13.1859
0.313632	3.32081	0.112623	1.31501	0.453574	5.77444	1.07329	11.109	1.19371	12.4334	1.92404	20.2475	0.335418	4.4964	0.507705	5.99188	0.621349	6.56005	1.18956	12.2613	1.34998	13.9253	1.48482	15.8554	1.21132	12.6646
0.320592	3.29367	0.119842	1.33848	0.454943	5.65576	1.07428	10.6886	1.19934	12.0054	1.92438	19.4543	0.342589	4.36478	0.508922	5.91693	0.624841	6.40151	1.1925	11.8175	1.35315	13.4193	1.48581	15.2328	1.21284	12.1846
0.326088	3.26982	0.127081	1.3602	0.456832	5.5153	1.07532	10.3001	1.20514	11.611	1.92474	18.7212	0.34971	4.24501	0.510259	5.83813	0.62787	6.27874	1.19551	11.4073	1.35646	12.9522	1.48684	14.6585	1.21441	11.7413
0.330262	3.25006	0.134334	1.38032	0.459366	5.35885	1.07641	9.93999	1.21109	11.2466	1.9251	18.0418	0.356764	4.13527	0.512103	5.73517	0.630356	6.18665	1.19858	11.0271	1.3599	12.5197	1.48793	14.1271	1.21604	11.3308
0.333234	3.23505	0.141594	1.39897	0.462721	5.19253	1.07755	9.60526	1.21719	10.909	1.92547	17.4102	0.363739	4.03412	0.514474	5.61147	0.632237	6.1216	1.20171	10.6737	1.36346	12.1182	1.48906	13.6341	1.21774	10.9494
0.335091	3.22523	0.148855	1.41626	0.467126	5.02259	1.07874	9.2934	1.22345	10.5955	1.92586	16.8217	0.370622	3.94037	0.517393	5.47079	0.633464	6.0811	1.2049	10.3444	1.36714	11.7447	1.49025	13.1754	1.21948	10.5944
0.337702	3.21084	0.156115	1.43229	0.472179	4.87299	1.07997	9.00216	1.22984	10.3036	1.92626	16.272	0.377408	3.85307	0.520882	5.317	0.635261	6.02439	1.20814	10.0368	1.37095	11.3963	1.4915	12.7478	1.22129	10.2631
0.34046	3.19484	0.16337	1.44718	0.477923	4.74181	1.08125	8.72961	1.23638	10.0312	1.92667	15.7574	0.384091	3.77144	0.524958	5.15384	0.637259	5.9647	1.21142	9.74892	1.37487	11.0708	1.4928	12.3482	1.22316	9.95319
0.344077	3.1725	0.170617	1.461	0.484391	4.62729	1.08257	8.47403	1.24305	9.77662	1.92709	15.2746	0.390669	3.69483	0.529093	5.00326	0.640049	5.88666	1.21476	9.47886	1.37891	10.7659	1.49417	11.974	1.22508	9.66279
0.348435	3.14339	0.177853	1.47384	0.491595	4.52776	1.08395	8.23392	1.24985	9.53815	1.92752	14.8208	0.397146	3.62272	0.53327	4.86375	0.643699	5.79285	1.21814	9.22505	1.38306	10.4798	1.4956	11.6229	1.22706	9.39012
0.353392	3.10706	0.185077	1.48578	0.499527	4.4416	1.08537	8.00795	1.25678	9.31438	1.92797	14.3935	0.403522	3.55469	0.537472	4.73402	0.648298	5.68628	1.22156	8.98608	1.38731	10.2109	1.49709	11.2929	1.22909	9.13364
0.358789	3.06317	0.192286	1.49689	0.508159	4.36721	1.08683	7.79492	1.26384	9.10405	1.92842	13.9904	0.409805	3.49036	0.541686	4.613	0.65395	5.57015	1.22502	8.76069	1.39167	9.95774	1.49866	10.9823	1.23118	8.89199
0.364473	3.01162	0.199481	1.50722	0.517446	4.30309	1.08834	7.59379	1.27101	8.90603	1.92889	13.6095	0.416002	3.42945	0.545899	4.49973	0.660777	5.44769	1.22851	8.54775	1.39612	9.71894	1.50031	10.6895	1.23333	8.66395
0.369671	2.9594	0.206659	1.51685	0.527334	4.24783	1.0899	7.4036	1.2783	8.71933	1.92937	13.249	0.42212	3.37171	0.550101	4.39342	0.667962	5.33572	1.23204	8.34628	1.40067	9.49334	1.50203	10.413	1.23553	8.44842
0.37445	2.90707	0.213821	1.52583	0.537758	4.20012	1.09151	7.22352	1.28571	8.54302	1.92986	12.9074	0.42817	3.31692	0.554286	4.29338	0.675498	5.23321	1.2356	8.15538	1.40529	9.27987	1.50384	10.1516	1.23779	8.24444
0.378877	2.85517	0.220966	1.53421	0.548656	4.15881	1.09316	7.05278	1.29322	8.37632	1.93036	12.5832	0.434162	3.26489	0.558447	4.19902	0.683373	5.13926	1.23919	7.97424	1.40998	9.07755	1.50574	9.90427	1.2401	8.05112
0.383017	2.80413	0.228095	1.54204	0.559965	4.12289	1.09485	6.89069	1.30084	8.21848	1.93088	12.2751	0.440105	3.21547	0.562583	4.10984	0.691573	5.05302	1.24282	7.80214	1.41474	8.88552	1.50775	9.66988	1.24247	7.86769
0.386929	2.75428	0.235208	1.54935	0.571628	4.09152	1.09637	6.75601	1.30856	8.06886	1.93141	11.982	0.44601	3.16851	0.566694	4.02542	0.700083	4.97376	1.24647	7.63844	1.41955	8.70297	1.50986	9.44759	1.24489	7.69341
0.390666	2.70592	0.242305	1.5562	0.583593	4.06394	1.09769	6.64573	1.31638	7.92684	1.93195	11.7028	0.451887	3.12389	0.57078	3.94537	0.708885	4.90078	1.25015	7.48252	1.42439	8.52916	1.51208	9.23658	1.24736	7.52764
0.394275	2.65922	0.249386	1.56262	0.595815	4.03957	1.0988	6.55753	1.3243	7.79189	1.9325	11.4365	0.457745	3.08147	0.574845	3.86936	0.717962	4.83347	1.25386	7.33387	1.42926	8.36342	1.51444	9.03613	1.24989	7.3698
0.397796	2.61435	0.256453	1.56865	0.608254	4.01787	1.09969	6.48963	1.33231	7.66352	1.93307	11.1823	0.463594	3.04116	0.578891	3.79712	0.727295	4.77128	1.25759	7.19199	1.43415	8.20512	1.51693	8.84559	1.25247	7.21935
0.401264	2.57136	0.263507	1.57432	0.620875	3.99845	1.10035	6.44069	1.34041	7.54128	1.93366	10.9394	0.469442	3.00286	0.582923	3.72838	0.736866	4.71371	1.26135	7.05644	1.43902	8.05368	1.51958	8.66437	1.25511	7.0758
0.404708	2.53032	0.270548	1.57965	0.633648	3.98092	1.10078	6.40981	1.3486	7.42476	1.93426	10.707	0.475296	2.96645	0.586945	3.66292	0.746656	4.66031	1.26514	6.9268	1.44388	7.90859	1.52239	8.49193	1.2578	6.93871
0.408153	2.49124	0.277578	1.58468	0.646549	3.96502	1.10139	6.366	1.35687	7.31357	1.93488	10.4846	0.481164	2.93185	0.590961	3.60053	0.756648	4.61067	1.26846	6.81838	1.4487	7.76935	1.52537	8.32779	1.26018	6.82418
0.411619	2.45409	0.284597	1.58944	0.659555	3.95049	1.10207	6.31914	1.36522	7.20739	1.93551	10.2714	0.487051	2.89897	0.594977	3.54103	0.766825	4.56443	1.27131	6.72911	1.45346	7.6355	1.52856	8.17152	1.26225	6.72999
0.415126	2.41887	0.291607	1.59394	0.672649	3.93713	1.103	6.25665	1.37365	7.10589	1.93616	10.0669	0.492964	2.86773	0.598997	3.48424	0.777171	4.52126	1.27368	6.65738	1.45814	7.50663	1.53194	8.02271	1.26398	6.65439
0.418687	2.38552	0.29861	1.59822	0.685812	3.92476	1.10419	6.17959	1.38216	7.00878	1.93684	9.87067	0.498906	2.83804	0.603024	3.43001	0.787669	4.48088	1.27556	6.60196	1.46274	7.38237	1.53556	7.88099	1.26536	6.59601
0.422314	2.35398	0.305606	1.60228	0.699031	3.91325	1.10565	6.08925	1.39073	6.91579	1.93753	9.68216	0.504884	2.80983	0.607063	3.3782	0.798307	4.44302	1.27694	6.56192	1.46723	7.26238	1.53941	7.74601	1.26638	6.55385
0.426017	2.3242	0.312598	1.60616	0.712294	3.90247	1.1074	5.98705	1.39827	6.83792	1.93825	9.50095	0.510898	2.78302	0.611118	3.32867	0.809069	4.40744	1.27783	6.5366	1.4716	7.14635	1.5435	7.61744	1.26704	6.52721
0.429805	2.29611	0.319585	1.60987	0.725589	3.89231	1.10945	5.87452	1.40473	6.77376	1.93899	9.32665	0.516953	2.75754	0.615192	3.2813	0.819944	4.37394	1.27911	6.50062	1.47585	7.03401	1.54786	7.49496	1.26799	6.48936
0.433683	2.26964	0.32657	1.61343	0.738908	3.88269	1.11155	5.76678	1.41011	6.72216	1.93976	9.15888	0.523051	2.73332	0.619289	3.23597	0.830919	4.34233	1.2805	6.46205	1.47944	6.93895	1.55247	7.37826	1.26903	6.4488
0.437657	2.24471	0.333554	1.61684	0.752241	3.87353	1.11369	5.66354	1.41437	6.68228	1.94055	8.99729	0.529193	2.71029	0.62341	3.19258	0.841982	4.31243	1.2824	6.41048	1.48242	6.8599	1.55736	7.26705	1.27046	6.39461
0.441729	2.22125	0.340539	1.62013	0.76558	3.86476	1.11589	5.56455	1.41752	6.65345	1.94138	8.84156	0.535382	2.6884	0.627559	3.15102	0.853124	4.2841	1.28482	6.34669	1.48482	6.79584	1.5625	7.16101	1.27228	6.32762
0.445903	2.1992	0.347525	1.62331	0.778918	3.85632	1.11813	5.46957	1.41954	6.63521	1.94224	8.69141	0.541617	2.66757	0.631739	3.1112	0.864335	4.25719	1.28775	6.2716	1.48669	6.74601	1.56791	7.05987	1.2745	6.24883
0.45018	2.17848	0.354514	1.62639	0.792248	3.84817	1.12042	5.37837	1.42244	6.60929	1.94313	8.54654	0.5479	2.64776	0.635951	3.07304	0.875604	4.23157	1.29121	6.18626	1.48804	6.70983	1.57283	6.9755	1.27715	6.15938
0.454561	2.15901	0.361508	1.62938	0.805564	3.84024	1.12275	5.29075	1.42561	6.58149	1.94406	8.40671	0.55423	2.6289	0.640197	3.03645	0.886924	4.20715	1.2952	6.09181	1.4889	6.68687	1.57718	6.9062	1.28023	6.06049
0.459047	2.14074	0.368506	1.63229	0.81886	3.83252	1.12514	5.20651	1.42993	6.54432	1.94502	8.27168	0.560607	2.61095	0.64448	3.00136	0.898286	4.1838	1.29923	6.00089	1.49012	6.65413	1.58087	6.85064	1.28336	5.96541
0.463635	2.1236	0.375512	1.63513	0.832129	3.82495	1.12759	5.1255	1.43541	6.49831	1.94603	8.14121	0.56703	2.59384	0.6488	2.96769	0.909682	4.16144	1.30328	5.91331	1.49143	6.61889	1.58384	6.80778	1.28655	5.87394
0.468326	2.10751	0.382524	1.6379	0.845368	3.8175	1.13008	5.04754	1.44207	6.4441	1.94709	8.01511	0.573498	2.57754	0.65316	2.93537	0.921105	4.13998	1.30736	5.8289	1.49318	6.57155	1.58607	6.77684	1.28978	5.78587
0.473117	2.09242	0.389545	1.64063	0.858569	3.81015	1.13263	4.97248	1.44992	6.38246	1.94819	7.89318	0.580012	2.562	0.657561	2.90435	0.932548	4.11935	1.31148	5.7475	1.49536	6.51262	1.58751	6.7573	1.29306	5.70105
0.478008	2.07828	0.396576	1.6433	0.871727	3.80286	1.13523	4.90018	1.45898	6.31417	1.94934	7.77523	0.586568	2.54717	0.662005	2.87456	0.944004	4.09948	1.31562	5.66897	1.49794	6.44272	1.58959	6.72956	1.29639	5.61929
0.482995	2.06502	0.403617	1.64593	0.884838	3.79561	1.1379	4.83052	1.4681	6.24836	1.95054	7.66109	0.593166	2.53301	0.666493	2.84595	0.955467	4.08029	1.3198	5.59316	1.50089	6.36258	1.59189	6.69984	1.29976	5.54046
0.488076	2.05259	0.41067	1.64852	0.897893	3.78836	1.14062	4.76338	1.47726	6.18492	1.9518	7.55061	0.599803	2.51948	0.671026	2.81846	0.96693	4.06173	1.32401	5.51994	1.50418	6.27303	1.59505	6.66016	1.30319	5.46439
0.493249	2.04093	0.417734	1.65109	0.910889	3.7811	1.14341	4.69864	1.48648	6.1237	1.95311	7.44362	0.606478	2.50654	0.675606	2.79206	0.978387	4.04374	1.32825	5.4492	1.50739	6.18599	1.59912	6.61114	1.30666	5.39097
0.49851	2.03001	0.424811	1.65362	0.923818	3.7738	1.14626	4.63621	1.49574	6.06461	1.95449	7.34	0.613189	2.49415	0.680234	2.76668	0.989833	4.02628	1.33252	5.38082	1.51051	6.10137	1.60413	6.55353	1.31018	5.32005
0.503858	2.01977	0.431902	1.65613	0.936675	3.76643	1.14918	4.576	1.50504	6.00753	1.95575	7.25234	0.619931	2.48228	0.684912	2.7423	1.00126	4.0093	1.33683	5.31469	1.51357	6.0191	1.61014	6.48817	1.31374	5.25152
0.509287	2.01018	0.439006	1.65862	0.94945	3.75897	1.15218	4.51791	1.51439	5.95237	1.95686	7.17948	0.626704	2.47089	0.689641	2.71886	1.01267	3.99275	1.34117	5.2507	1.51658	5.93912	1.61719	6.41596	1.31735	5.18528
0.514798	2.00118	0.446125	1.66109	0.962136	3.75139	1.15526	4.46189	1.52377	5.89902	1.95781	7.1205	0.633504	2.45995	0.694425	2.69635	1.02405	3.97659	1.34555	5.18877	1.51953	5.86136	1.6244	6.34656	1.32101	5.12121
0.520385	1.99275	0.453258	1.66354	0.974726	3.74367	1.15842	4.40785	1.5332	5.8474	1.95857	7.07465	0.640327	2.44943	0.699263	2.67471	1.0354	3.96079	1.34996	5.12881	1.52245	5.78576	1.63175	6.2798	1.32471	5.05922
0.526046	1.98485	0.460407	1.66598	0.987207	3.73576	1.16168	4.35574	1.54266	5.79743	1.95915	7.04137	0.647171	2.43929	0.704159	2.65393	1.04671	3.94532	1.35441	5.07074	1.52534	5.71224	1.63924	6.21552	1.32845	4.99922
0.531778	1.97744	0.467571	1.6684	0.999571	3.72764	1.16504	4.30551	1.55216	5.74903	1.95952	7.02027	0.654031	2.4295	0.709114	2.63397	1.05797	3.93013	1.3589	5.01446	1.52821	5.64075	1.64685	6.15357	1.33224	4.94111
0.537578	1.97049	0.474751	1.67082	1.0118	3.71927	1.16851	4.25712	1.56169	5.70212	1.96007	6.99019	0.660904	2.42005	0.714132	2.6148	1.06919	3.9152	1.36342	4.95991	1.53105	5.57123	1.65458	6.09382	1.33608	4.88482
0.543444	1.96397	0.481947	1.67323	1.02389	3.71061	1.17212	4.21053	1.57125	5.65663	1.96067	6.95785	0.667785	2.41088	0.719215	2.59641	1.08036	3.90051	1.36798	4.90702	1.53389	5.5036	1.66241	6.03614	1.33996	4.83026
0.549373	1.95786	0.489159	1.67562	1.03581	3.70161	1.17586	4.16573	1.58083	5.61251	1.9615	6.91442	0.674669	2.40198	0.724367	2.57878	1.09148	3.88602	1.37258	4.85571	1.53672	5.43781	1.67035	5.98042	1.34388	4.77737
0.555362	1.95212	0.496388	1.67801	1.04755	3.69222	1.17976	4.12271	1.59045	5.56968	1.96258	6.86041	0.681552	2.39333	0.72959	2.56187	1.10253	3.87172	1.37721	4.80594	1.53955	5.37381	1.67837	5.92656	1.34784	4.72607
0.561409	1.94674	0.503632	1.68039	1.05909	3.68236	1.18385	4.08148	1.60009	5.52808	1.96393	6.79643	0.688428	2.38488	0.73489	2.54569	1.11351	3.85758	1.38188	4.75762	1.54238	5.31153	1.68647	5.87445	1.35185	4.67631
0.567512	1.9417	0.510893	1.68277	1.0704	3.67198	1.18814	4.04203	1.60975	5.48767	1.96557	6.72319	0.695292	2.37661	0.74027	2.53021	1.12443	3.84357	1.38659	4.71072	1.54522	5.25093	1.69466	5.82399	1.3559	4.628
0.573667	1.93697	0.518171	1.68513	1.08144	3.66099	1.19267	4.00442	1.61943	5.44839	1.96754	6.64149	0.702138	2.3685	0.745734	2.51543	1.13527	3.82968	1.39134	4.66516	1.54807	5.19194	1.70291	5.77511	1.35999	4.58111
0.579874	1.93253	0.525464	1.68749	1.09219	3.6493	1.19747	3.96866	1.62913	5.41018	1.96959	6.56222	0.708958	2.36051	0.751287	2.50132	1.14604	3.8159	1.39613	4.62091	1.55093	5.13451	1.71123	5.72773	1.36412	4.53557
0.58613	1.92836	0.532774	1.68984	1.10261	3.63681	1.20257	3.93482	1.63885	5.373	1.97174	6.48527	0.715748	2.35263	0.756934	2.48788	1.15672	3.80219	1.40095	4.57791	1.55381	5.0786	1.71962	5.68177	1.3683	4.49132
0.592434	1.92446	0.5401	1.69219	1.11265	3.62343	1.20802	3.90295	1.64858	5.33681	1.97398	6.41058	0.722501	2.34483	0.76268	2.47511	1.16732	3.78856	1.40582	4.5361	1.5567	5.02416	1.72805	5.63715	1.37251	4.44833
0.598782	1.9208	0.547441	1.69453	1.12229	3.60905	1.21385	3.87307	1.65833	5.30156	1.97632	6.33808	0.729212	2.33709	0.768529	2.46298	1.17783	3.77497	1.41072	4.49546	1.55962	4.97113	1.73654	5.59382	1.37677	4.40653
0.605174	1.91736	0.554799	1.69686	1.13147	3.5936	1.22009	3.84523	1.66808	5.2672	1.97877	6.26768	0.735875	2.32939	0.774486	2.45149	1.18824	3.76143	1.41565	4.45593	1.56256	4.91948	1.74508	5.55171	1.38106	4.36589
0.611608	1.91414	0.562171	1.69918	1.14016	3.577	1.22676	3.81941	1.67784	5.2337	1.98132	6.19932	0.742483	2.3217	0.780554	2.44063	1.19855	3.7479	1.42063	4.41746	1.56553	4.86916	1.75366	5.51077	1.3854	4.32636
0.618083	1.91113	0.569558	1.70149	1.14836	3.55925	1.23387	3.79556	1.68761	5.20103	1.98397	6.13294	0.749036	2.31403	0.786735	2.43038	1.20877	3.7344	1.42564	4.38003	1.56853	4.82012	1.76227	5.47094	1.38977	4.2879
0.624596	1.9083	0.576961	1.7038	1.15605	3.54037	1.24142	3.77359	1.69738	5.16914	1.98673	6.06847	0.755528	2.30635	0.793031	2.42072	1.21888	3.72089	1.43068	4.34359	1.57155	4.77234	1.77093	5.43217	1.39418	4.25047
0.631148	1.90566	0.584378	1.70609	1.16324	3.52044	1.24937	3.75335	1.70715	5.138	1.98961	6.00585	0.761959	2.29868	0.799443	2.41164	1.22888	3.70738	1.43576	4.3081	1.57461	4.72576	1.77961	5.3944	1.39863	4.21404
0.637736	1.90318	0.591809	1.70837	1.16997	3.49957	1.25768	3.73467	1.71693	5.10758	1.99259	5.94502	0.768329	2.29099	0.805969	2.40311	1.23878	3.69385	1.44087	4.27354	1.5777	4.68036	1.78833	5.35761	1.40312	4.17857
0.644359	1.90087	0.599254	1.71065	1.17626	3.47792	1.26632	3.71735	1.72669	5.07785	1.99569	5.88592	0.774638	2.2833	0.812607	2.39511	1.24856	3.6803	1.44602	4.23985	1.58082	4.6361	1.79707	5.32174	1.40765	4.14401
0.651016	1.89871	0.606713	1.71291	1.18218	3.45565	1.27522	3.7012	1.73646	5.04877	1.99891	5.82849	0.780889	2.27562	0.819354	2.38761	1.25822	3.66673	1.45119	4.20701	1.58398	4.59293	1.80583	5.28675	1.41221	4.11035
0.657707	1.89669	0.614184	1.71515	1.18777	3.43292	1.28434	3.68603	1.74621	5.02031	2.00224	5.77269	0.787086	2.26796	0.826206	2.38057	1.26777	3.65311	1.4564	4.17499	1.58717	4.55084	1.81461	5.2526	1.41681	4.07755
0.66443	1.89481	0.621669	1.71739	1.19307	3.40989	1.29363	3.67166	1.75595	4.99246			0.793231	2.26031	0.833157	2.37398	1.2772	3.63946	1.46163	4.14375	1.59041	4.50979	1.8234	5.21926	1.42145	4.04559
0.671185	1.89306	0.629165	1.71961	1.19814	3.38669	1.30304	3.65795	1.76568	4.96517			0.799331	2.25271	0.840201	2.36779	1.2865	3.62576	1.46688	4.11326	1.59368	4.46974	1.83222	5.1867	1.42613	4.01442
0.677969	1.89143	0.636673	1.72181	1.203	3.36344	1.31252	3.64477	1.77539	4.93843			0.80539	2.24516	0.847333	2.36198	1.29568	3.61202	1.47216	4.0835	1.597	4.43067	1.84104	5.15488	1.43084	3.98403
0.684784	1.88992	0.644193	1.724	1.2077	3.34024	1.32206	3.632	1.78508	4.9122			0.811413	2.23767	0.854545	2.35652	1.30474	3.59823	1.47746	4.05442	1.60035	4.39255	1.84987	5.12377	1.43558	3.95439
0.691627	1.88852	0.651724	1.72618	1.21227	3.31716	1.33162	3.61956	1.79475	4.88647			0.817405	2.23026	0.861834	2.35138	1.31368	3.5844	1.48278	4.02602	1.60375	4.35534	1.85871	5.09334	1.44037	3.92548
0.698498	1.88723	0.659265	1.72833	1.21673	3.29427	1.34118	3.60736	1.80439	4.86121			0.823372	2.22293	0.869192	2.34654	1.32249	3.57051	1.48811	3.99825	1.60719	4.31904	1.86755	5.06356	1.44518	3.89727
0.705398	1.88604	0.666817	1.73047	1.22109	3.27161	1.35071	3.59536	1.814	4.83639			0.829318	2.2157	0.876614	2.34197	1.33117	3.55658	1.49346	3.97109	1.61068	4.2836	1.8764	5.03442	1.45003	3.86973
0.712324	1.88494	0.674377	1.73259	1.22538	3.24923	1.36019	3.58349	1.82359	4.812			0.835247	2.20858	0.884095	2.33765	1.33972	3.5426	1.49882	3.94451	1.6142	4.249	1.88524	5.00589	1.45492	3.84285
0.719277	1.88394	0.681947	1.73469	1.22962	3.22715	1.36963	3.57171	1.83313	4.78802			0.841164	2.20156	0.891631	2.33356	1.34816	3.52858	1.50418	3.9185	1.61778	4.21522	1.89409	4.97794	1.45984	3.81661
0.726255	1.88302	0.689525	1.73678	1.2338	3.20539	1.37899	3.56	1.84264	4.76441			0.847071	2.19467	0.899216	2.32968	1.35646	3.51452	1.50956	3.89302	1.6214	4.18224	1.90294	4.95055	1.46479	3.79098
0.733259	1.88218	0.697112	1.73884	1.23795	3.18398	1.38827	3.54831	1.8521	4.74116			0.852972	2.1879	0.906847	2.32599	1.36465	3.50043	1.51493	3.86805	1.62506	4.15002	1.91179	4.9237	1.46977	3.76595
0.740288	1.88143	0.704705	1.74088	1.24207	3.16291	1.39747	3.53663	1.86152	4.71826			0.858871	2.18125	0.914521	2.32249	1.37271	3.48631	1.5203	3.84358	1.62877	4.11855	1.92063	4.89739	1.47479	3.74149
0.747342	1.88075	0.712307	1.7429	1.24617	3.1422	1.40657	3.52494	1.87088	4.69568			0.864769	2.17473	0.922234	2.31916	1.38065	3.47216	1.52567	3.81957	1.63252	4.08781	1.92947	4.87158	1.47984	3.7176
0.754419	1.88015	0.719914	1.74489	1.25025	3.12185	1.41557	3.51322	1.88019	4.67339			0.870669	2.16835	0.929983	2.31597	1.38848	3.45799	1.53104	3.79601	1.63632	4.05777	1.9383	4.84626	1.48493	3.69425
0.76152	1.87961	0.727528	1.74687	1.25431	3.10186	1.42446	3.50147	1.88945	4.6514			0.876574	2.1621	0.937766	2.31294	1.39619	3.4438	1.5364	3.77289	1.64016	4.02842	1.94713	4.82142	1.49004	3.67142
0.768644	1.87914	0.735146	1.74882	1.25837	3.08223	1.43324	3.48967	1.89864	4.62966			0.882485	2.15598	0.945579	2.31003	1.40378	3.42961	1.54174	3.75018	1.64404	3.99972	1.95596	4.79704	1.49519	3.64911
0.775792	1.87874	0.74277	1.75075	1.26243	3.06297	1.44191	3.47781	1.90776	4.60818			0.888403	2.14999	0.953421	2.30725	1.41127	3.41542	1.54708	3.72786	1.64797	3.97167	1.96478	4.77311	1.50037	3.62729
0.782962	1.8784	0.750398	1.75265	1.26649	3.04406	1.45045	3.46589	1.91681	4.58692			0.894331	2.14414	0.96129	2.30459	1.41864	3.40123	1.5524	3.70593	1.65194	3.94423	1.9736	4.74962	1.50558	3.60595
0.790154	1.87812	0.75803	1.75452	1.27054	3.0255	1.45888	3.45391	1.92579	4.56587			0.900269	2.13842	0.969185	2.30204	1.42591	3.38706	1.55771	3.68436	1.65595	3.9174	1.98241	4.72656	1.51082	3.58508
0.797367	1.87789	0.765665	1.75637	1.2746	3.0073	1.46719	3.44187	1.93468	4.54501			0.906219	2.13284	0.977103	2.29958	1.43308	3.3729	1.563	3.66315	1.65999	3.89115	1.99122	4.70391	1.51609	3.56467
0.804603	1.87772	0.773303	1.7582	1.27867	2.98944	1.47538	3.42975	1.94349	4.52433			0.912181	2.12738	0.985043	2.29723	1.44015	3.35876	1.56827	3.64229	1.66408	3.86545	2.00003	4.68167	1.52138	3.54469
0.811859	1.8776	0.780943	1.75999	1.28274	2.97191	1.48344	3.41758	1.9522	4.5038			0.918157	2.12206	0.993004	2.29496	1.44712	3.34466	1.57353	3.62175	1.6682	3.8403			1.52671	3.52514
0.819137	1.87753	0.788585	1.76176	1.28682	2.95472	1.49138	3.40533	1.96081	4.48341			0.924149	2.11686	1.00098	2.29278	1.45399	3.33059	1.57876	3.60154	1.67235	3.81568			1.53207	3.506
0.826436	1.87751	0.796227	1.7635	1.29091	2.93786	1.4992	3.39303	1.96931	4.46313			0.930154	2.11179	1.00898	2.29068	1.46078	3.31656	1.58398	3.58165	1.67654	3.79156			1.53746	3.48727
0.833754	1.87753	0.803871	1.76521	1.29501	2.92131	1.50689	3.38066	1.9777	4.44296			0.936177	2.10685	1.017	2.28866	1.46748	3.30259	1.58918	3.56206	1.68075	3.76793			1.54288	3.46893
0.841093	1.8776	0.811514	1.76689	1.29912	2.90508	1.51447	3.36824	1.98597	4.42286			0.942216	2.10203	1.02503	2.28671	1.47409	3.28866	1.59437	3.54278	1.685	3.74477			1.54832	3.45097
0.848451	1.87771	0.819156	1.76855	1.30324	2.88916	1.52192	3.35577	1.99411	4.40283			0.948272	2.09733	1.03308	2.28482	1.48062	3.2748	1.59954	3.52379	1.68927	3.72207			1.55379	3.43339
0.85583	1.87787	0.826797	1.77017	1.30738	2.87354	1.52925	3.34325	2.00212	4.38283			0.954347	2.09275	1.04114	2.283	1.48707	3.26099	1.60469	3.50509	1.69357	3.69981			1.55929	3.41616
0.863227	1.87806	0.834437	1.77176	1.31153	2.85821	1.53647	3.33069					0.960439	2.08828	1.04922	2.28124	1.49344	3.24725	1.60984	3.48668	1.69788	3.67797			1.56482	3.39929
0.870643	1.87829	0.842074	1.77332	1.3157	2.84317	1.54357	3.31809					0.966551	2.08394	1.05731	2.27954	1.49975	3.23359	1.61497	3.46855	1.70222	3.65654			1.57038	3.38275
0.878078	1.87856	0.849708	1.77485	1.31988	2.82841	1.55056	3.30546					0.972682	2.0797	1.06541	2.2779	1.50597	3.22	1.62009	3.4507	1.70658	3.6355			1.57596	3.36655
0.885532	1.87886	0.857339	1.77635	1.32407	2.81393	1.55744	3.2928					0.978833	2.07558	1.07353	2.2763	1.51213	3.20648	1.6252	3.43313	1.71095	3.61485			1.58157	3.35067
0.893004	1.87919	0.864965	1.77781	1.32828	2.79972	1.56421	3.28013					0.985003	2.07157	1.08165	2.27476	1.51823	3.19305	1.63031	3.41584	1.71534	3.59456			1.5872	3.33511
0.900493	1.87956	0.872586	1.77924	1.33251	2.78577	1.57088	3.26744					0.991195	2.06767	1.08979	2.27327	1.52425	3.1797	1.63541	3.39881	1.71975	3.57463			1.59287	3.31986
0.908	1.87996	0.880203	1.78064	1.33675	2.77208	1.57745	3.25475					0.997407	2.06387	1.09794	2.27182	1.53022	3.16643	1.64051	3.38206	1.72416	3.55505			1.59855	3.3049
0.915525	1.88038	0.887813	1.78201	1.341	2.75864	1.58391	3.24205					1.00364	2.06018	1.1061	2.27042	1.53612	3.15325	1.64561	3.36557	1.72859	3.5358			1.60426	3.29024
0.923066	1.88084	0.895418	1.78334	1.34528	2.74545	1.59028	3.22937					1.0099	2.05659	1.11427	2.26906	1.54197	3.14017	1.65072	3.34935	1.73302	3.51687			1.61	3.27586
0.930625	1.88132	0.903014	1.78463	1.34957	2.7325	1.59656	3.21669					1.01617	2.0531	1.12245	2.26774	1.54776	3.12717	1.65583	3.3334	1.73747	3.49826			1.61577	3.26175
0.9382	1.88182	0.910604	1.7859	1.35387	2.71979	1.60275	3.20403					1.02247	2.04971	1.13063	2.26645	1.55349	3.11426	1.66095	3.31771	1.74192	3.47995			1.62155	3.24792
0.945791	1.88235	0.918185	1.78712	1.3582	2.7073	1.60885	3.1914					1.0288	2.04642	1.13883	2.26521	1.55917	3.10145	1.66607	3.30227	1.74637	3.46193			1.62737	3.23434
0.953398	1.88291	0.925758	1.78832	1.36253	2.69504	1.61487	3.1788					1.03514	2.04322	1.14703	2.264	1.5648	3.08874	1.67121	3.2871	1.75083	3.4442			1.6332	3.22103
0.961021	1.88349	0.933321	1.78947	1.36689	2.683	1.62081	3.16623					1.04151	2.04012	1.15524	2.26282	1.57038	3.07612	1.67636	3.27218	1.7553	3.42676			1.63906	3.20796
0.968659	1.88408	0.940875	1.79059	1.37126	2.67118	1.62667	3.1537					1.0479	2.03711	1.16346	2.26168	1.57591	3.06359	1.68153	3.25752	1.75977	3.40958			1.64495	3.19514
0.976312	1.8847	0.948418	1.79168	1.37565	2.65957	1.63246	3.14122					1.05432	2.03419	1.17169	2.26057	1.5814	3.05117	1.68671	3.24311	1.76425	3.39267			1.65085	3.18255
0.98398	1.88534	0.95595	1.79272	1.38006	2.64816	1.63818	3.1288					1.06076	2.03136	1.17992	2.25949	1.58683	3.03884	1.69191	3.22894	1.76873	3.37602			1.65678	3.1702
0.991662	1.88599	0.963471	1.79373	1.38448	2.63695	1.64383	3.11643					1.06723	2.02863	1.18816	2.25844	1.59223	3.02661	1.69713	3.21502	1.77322	3.35962			1.66274	3.15807
0.999359	1.88667	0.970979	1.79471	1.38892	2.62594	1.64942	3.10412					1.07372	2.02597	1.19641	2.25741	1.59758	3.01448	1.70237	3.20135	1.77771	3.34347			1.66871	3.14616
1.00707	1.88735	0.978475	1.79565	1.39338	2.61513	1.65495	3.09188					1.08023	2.02341	1.20466	2.25641	1.60289	3.00245	1.70764	3.18791	1.7822	3.32757			1.67471	3.13447
1.01479	1.88806	0.985959	1.79655	1.39785	2.6045	1.66042	3.07971					1.08677	2.02093	1.21292	2.25544	1.60816	2.99052	1.71292	3.1747	1.7867	3.3119			1.68073	3.12299
1.02253	1.88878	0.993429	1.79741	1.40234	2.59405	1.66584	3.06761					1.09334	2.01853	1.22119	2.2545	1.6134	2.9787	1.71823	3.16173	1.79121	3.29647			1.68678	3.11171
1.03028	1.88951	1.00088	1.79824	1.40685	2.58379	1.67121	3.05559					1.09993	2.01621	1.22946	2.25358	1.61859	2.96697	1.72356	3.14899	1.79572	3.28126			1.69284	3.10064
1.03805	1.89025	1.00833	1.79903	1.41138	2.5737	1.67653	3.04366					1.10655	2.01397	1.23774	2.25268	1.62376	2.95535	1.72891	3.13647	1.80023	3.26628			1.69893	3.08976
1.04582	1.89101	1.01575	1.79978	1.41592	2.56378	1.6818	3.03181					1.1132	2.01182	1.24602	2.2518	1.62888	2.94383	1.73429	3.12416	1.80475	3.25153			1.70504	3.07907
1.05361	1.89178	1.02316	1.80049	1.42047	2.55404	1.68703	3.02005					1.11987	2.00974	1.25431	2.25095	1.63398	2.93242	1.73969	3.11208	1.80928	3.23699			1.71116	3.06857
1.06141	1.89256	1.03056	1.80117	1.42505	2.54445	1.69222	3.00838					1.12657	2.00773	1.2626	2.25011	1.63905	2.9211	1.74512	3.1002	1.81382	3.22267			1.71731	3.05826
1.06922	1.89335	1.03794	1.80181	1.42964	2.53503	1.69737	2.9968					1.13329	2.0058	1.2709	2.2493	1.64408	2.90989	1.75057	3.08853	1.81837	3.20856			1.72348	3.04812
1.07704	1.89414	1.0453	1.80242	1.43425	2.52577	1.70249	2.98533					1.14004	2.00395	1.27921	2.24851	1.64909	2.89879	1.75604	3.07705	1.82293	3.19466			1.72967	3.03815
1.08488	1.89495	1.05265	1.80299	1.43887	2.51666	1.70758	2.97395					1.14682	2.00217	1.28751	2.24773	1.65408	2.88779	1.76154	3.06578	1.8275	3.18097			1.73588	3.02836
1.09272	1.89576	1.05998	1.80352	1.44351	2.50771	1.71263	2.96267					1.15363	2.00046	1.29583	2.24698	1.65903	2.8769	1.76706	3.05469	1.83208	3.16749			1.74211	3.01873
1.10057	1.89658	1.06729	1.80401	1.44816	2.4989	1.71766	2.9515					1.16046	1.99882	1.30414	2.24624	1.66397	2.86612	1.7726	3.04379	1.83667	3.1542			1.74837	3.00926
1.10844	1.89741	1.07459	1.80447	1.45284	2.49024	1.72267	2.94043					1.16732	1.99725	1.31247	2.24552	1.66888	2.85544	1.77816	3.03307	1.84128	3.14112			1.75463	2.99996
1.11631	1.89824	1.08186	1.8049	1.45753	2.48172	1.72764	2.92946					1.17421	1.99574	1.32079	2.24482	1.67378	2.84486	1.78374	3.02253	1.8459	3.12824			1.76092	2.99081
1.1242	1.89908	1.08912	1.80529	1.46223	2.47334	1.7326	2.91861					1.18113	1.99431	1.32912	2.24413	1.67865	2.8344	1.78935	3.01215	1.85054	3.11555			1.76723	2.98181
1.13209	1.89992	1.09637	1.80564	1.46695	2.46509	1.73754	2.90786					1.18807	1.99293	1.33745	2.24346	1.68351	2.82404	1.79496	3.00194	1.8552	3.10306			1.77356	2.97296
1.13999	1.90077	1.10359	1.80596	1.47169	2.45698	1.74246	2.89723					1.19504	1.99163	1.34579	2.2428	1.68835	2.81379	1.8006	2.99189	1.85988	3.09076			1.7799	2.96426
1.14791	1.90162	1.1108	1.80625	1.47644	2.449	1.74737	2.8867					1.20204	1.99038	1.35413	2.24216	1.69317	2.80364	1.80625	2.98199	1.86458	3.07866			1.78627	2.9557
1.15582	1.90247	1.11798	1.80651	1.48121	2.44115	1.75226	2.87629					1.20907	1.9892	1.36248	2.24153	1.69799	2.79361	1.81191	2.97224	1.8693	3.06675			1.79265	2.94728
1.16375	1.90333	1.12515	1.80673	1.48599	2.43343	1.75714	2.86599					1.21613	1.98807	1.37083	2.24091	1.70279	2.78368	1.81759	2.96264	1.87404	3.05502			1.79905	2.939
1.17169	1.90419	1.13231	1.80692	1.49079	2.42583	1.76201	2.8558					1.22321	1.98701	1.37918	2.24031	1.70758	2.77386	1.82327	2.95317	1.87881	3.04349			1.80547	2.93085
1.17963	1.90504	1.13944	1.80708	1.49561	2.41835	1.76686	2.84572					1.23032	1.986	1.38753	2.23972	1.71235	2.76415	1.82897	2.94383	1.88361	3.03215			1.81191	2.92283
1.18758	1.9059	1.14655	1.80721	1.50044	2.41099	1.77172	2.83576					1.23745	1.98504	1.39589	2.23915	1.71713	2.75454	1.83467	2.93462	1.88844	3.02099			1.81836	2.91494
1.19554	1.90676	1.15365	1.80731	1.50529	2.40374	1.77656	2.82591					1.24461	1.98415	1.40425	2.23859	1.72189	2.74505	1.84037	2.92553	1.8933	3.01002			1.82483	2.90717
1.2035	1.90763	1.16073	1.80738	1.51015	2.39661	1.7814	2.81617					1.2518	1.9833	1.41262	2.23804	1.72665	2.73566	1.84608	2.91656	1.89819	2.99924			1.83132	2.89953
1.21148	1.90849	1.16779	1.80742	1.51503	2.3896	1.78624	2.80655					1.25902	1.98251	1.42099	2.2375	1.7314	2.72637	1.85179	2.9077	1.90312	2.98865			1.83783	2.89201
1.21945	1.90935	1.17484	1.80743	1.51992	2.38269	1.79107	2.79704					1.26626	1.98176	1.42936	2.23697	1.73615	2.7172	1.85749	2.89894	1.90808	2.97824			1.84435	2.8846
1.22744	1.91021	1.18186	1.80742	1.52483	2.37588	1.7959	2.78764					1.27353	1.98107	1.43773	2.23645	1.74089	2.70813	1.86319	2.89028	1.91308	2.96802			1.85089	2.87732
1.23543	1.91106	1.18887	1.80738	1.52976	2.36919	1.80074	2.77836					1.28082	1.98042	1.44611	2.23594	1.74563	2.69916	1.86889	2.88172	1.91813	2.95798			1.85744	2.87014
1.24342	1.91192	1.19587	1.80732	1.53469	2.3626	1.80557	2.76919					1.28813	1.97982	1.45449	2.23545	1.75038	2.6903	1.87458	2.87325	1.92321	2.94813			1.86401	2.86308
1.25142	1.91278	1.20284	1.80723	1.53965	2.35611	1.8104	2.76012					1.29548	1.97926	1.46287	2.23496	1.75512	2.68155	1.88026	2.86486	1.92835	2.93846			1.8706	2.85612
1.25943	1.91363	1.2098	1.80712	1.54462	2.34972	1.81524	2.75118					1.30284	1.97875	1.47126	2.23448	1.75986	2.6729	1.88592	2.85656	1.93352	2.92898			1.8772	2.84927
1.26744	1.91448	1.21675	1.80699	1.5496	2.34342	1.82008	2.74234					1.31023	1.97828	1.47964	2.23402	1.7646	2.66435	1.89158	2.84833	1.93875	2.91968			1.88382	2.84252
1.27545	1.91532	1.22367	1.80683	1.5546	2.33723	1.82493	2.73361					1.31765	1.97785	1.48803	2.23356	1.76934	2.6559	1.89721	2.84017	1.94402	2.91057			1.89046	2.83588
1.28347	1.91617	1.23059	1.80666	1.55962	2.33112	1.82978	2.72499					1.32508	1.97746	1.49643	2.23311	1.77409	2.64756	1.90283	2.83208	1.94935	2.90163			1.89711	2.82934
1.2915	1.91701	1.23749	1.80646	1.56464	2.32511	1.83464	2.71647					1.33254	1.97711	1.50482	2.23267	1.77884	2.63932	1.90844	2.82406	1.95473	2.89288			1.90377	2.82289
1.29952	1.91784	1.24437	1.80625	1.56969	2.3192	1.8395	2.70807					1.34002	1.97679	1.51322	2.23224	1.7836	2.63118	1.91402	2.8161	1.96016	2.88431			1.91046	2.81654
1.30756	1.91868	1.25124	1.80602	1.57475	2.31337	1.84437	2.69977					1.34752	1.97651	1.52162	2.23182	1.78836	2.62314	1.91957	2.80819	1.96565	2.87591			1.91715	2.81029
1.31559	1.9195	1.25809	1.80577	1.57982	2.30762	1.84925	2.69158					1.35504	1.97626	1.53002	2.2314	1.79312	2.6152	1.92511	2.80035	1.9712	2.8677			1.92386	2.80413
1.32363	1.92033	1.26494	1.8055	1.58491	2.30197	1.85414	2.6835					1.36259	1.97605	1.53842	2.23099	1.79789	2.60735	1.93062	2.79256	1.9768	2.85965			1.93059	2.79806
1.33167	1.92115	1.27176	1.80522	1.59001	2.2964	1.85904	2.67551					1.37015	1.97586	1.54683	2.23059	1.80267	2.59961	1.93611	2.78482	1.98245	2.85178			1.93733	2.79208
1.33972	1.92196	1.27858	1.80492	1.59513	2.29091	1.86395	2.66764					1.37774	1.97571	1.55524	2.2302	1.80745	2.59196	1.94158	2.77714	1.98817	2.84407			1.94408	2.78618
1.34776	1.92277	1.28538	1.80461	1.60026	2.28551	1.86887	2.65986					1.38534	1.97558	1.56365	2.22982	1.81224	2.5844	1.94702	2.7695	1.99394	2.83653			1.95085	2.78037
1.35581	1.92357	1.29218	1.80429	1.60541	2.28018	1.8738	2.65218					1.39296	1.97549	1.57206	2.22944	1.81704	2.57694	1.95244	2.76192	1.99976	2.82915			1.95763	2.77465
1.36386	1.92437	1.29896	1.80395	1.61057	2.27493	1.87874	2.64461					1.4006	1.97542	1.58048	2.22907	1.82184	2.56957	1.95784	2.75439	2.00564	2.82193			1.96443	2.769
1.37192	1.92516	1.30572	1.8036	1.61574	2.26977	1.88369	2.63713					1.40826	1.97537	1.58889	2.22871	1.82666	2.5623	1.96321	2.74691					1.97124	2.76344
1.37997	1.92595	1.31248	1.80324	1.62093	2.26467	1.88866	2.62975					1.41593	1.97535	1.59731	2.22835	1.83148	2.55511	1.96857	2.73948					1.97806	2.75796
1.38803	1.92672	1.31923	1.80287	1.62613	2.25966	1.89364	2.62247					1.42362	1.97535	1.60573	2.228	1.83631	2.54802	1.9739	2.73211					1.9849	2.75256
1.39609	1.9275	1.32596	1.80249	1.63135	2.25471	1.89863	2.61529					1.43133	1.97538	1.61415	2.22765	1.84116	2.54102	1.97922	2.72479					1.99175	2.74723
1.40415	1.92826	1.33269	1.8021	1.63659	2.24984	1.90363	2.6082					1.43905	1.97543	1.62258	2.22731	1.84601	2.5341	1.98451	2.71752					1.99861	2.74197
1.41221	1.92902	1.33941	1.8017	1.64183	2.24504	1.90865	2.60121					1.44679	1.97549	1.631	2.22698	1.85087	2.52727	1.9898	2.71031					2.00549	2.7368
1.42027	1.92978	1.34612	1.80129	1.64709	2.24032	1.91368	2.5943					1.45454	1.97558	1.63943	2.22666	1.85574	2.52053	1.99507	2.70315						
1.42834	1.93052	1.35282	1.80088	1.65237	2.23566	1.91873	2.58749					1.4623	1.97568	1.64786	2.22634	1.86063	2.51387	2.00032	2.69606						
1.4364	1.93126	1.35951	1.80046	1.65766	2.23107	1.92379	2.58077					1.47008	1.9758	1.65629	2.22602	1.86552	2.5073								
1.44446	1.93199	1.36619	1.80003	1.66296	2.22654	1.92887	2.57414					1.47788	1.97594	1.66472	2.22571	1.87043	2.50081								
1.45252	1.93271	1.37287	1.7996	1.66828	2.22208	1.93396	2.5676					1.48568	1.97609	1.67316	2.22541	1.87534	2.4944								
1.46059	1.93343	1.37953	1.79916	1.67362	2.21769	1.93907	2.56114					1.4935	1.97626	1.68159	2.22511	1.88027	2.48808								
1.46865	1.93414	1.38619	1.79871	1.67897	2.21336	1.94419	2.55478					1.50133	1.97645	1.69003	2.22481	1.88521	2.48183								
1.47671	1.93483	1.39285	1.79826	1.68433	2.20909	1.94932	2.54849					1.50917	1.97664	1.69847	2.22452	1.89016	2.47566								
1.48477	1.93553	1.39949	1.79781	1.6897	2.20489	1.95448	2.54229					1.51703	1.97685	1.70691	2.22424	1.89512	2.46957								
1.49283	1.93621	1.40613	1.79735	1.69509	2.20075	1.95965	2.53618					1.52489	1.97707	1.71535	2.22396	1.9001	2.46356								
1.50089	1.93688	1.41277	1.7969	1.7005	2.19667	1.96483	2.53014					1.53277	1.9773	1.72379	2.22369	1.90508	2.45762								
1.50895	1.93755	1.4194	1.79643	1.70592	2.19264	1.97003	2.52419					1.54065	1.97754	1.73224	2.22342	1.91008	2.45176								
1.517	1.9382	1.42602	1.79597	1.71135	2.18868	1.97525	2.51831					1.54854	1.9778	1.74068	2.22315	1.91509	2.44597								
1.52505	1.93885	1.43264	1.7955	1.7168	2.18477	1.98048	2.51252					1.55645	1.97806	1.74913	2.22289	1.92011	2.44026								
1.5331	1.93949	1.43925	1.79503	1.72227	2.18093	1.98573	2.5068					1.56436	1.97833	1.75758	2.22263	1.92515	2.43462								
1.54115	1.94012	1.44586	1.79456	1.72775	2.17713	1.991	2.50116					1.57228	1.97861	1.76603	2.22238	1.9302	2.42904								
1.5492	1.94074	1.45246	1.79409	1.73324	2.1734	1.99628	2.4956					1.58021	1.97889	1.77448	2.22213	1.93526	2.42354								
1.55724	1.94135	1.45906	1.79362	1.73875	2.16971	2.00158	2.4901					1.58815	1.97919	1.78293	2.22188	1.94033	2.4181								
1.56528	1.94195	1.46566	1.79315	1.74427	2.16609							1.59609	1.97949	1.79138	2.22164	1.94541	2.41274								
1.57332	1.94254	1.47225	1.79267	1.74981	2.16251							1.60405	1.97979	1.79984	2.22141	1.95051	2.40744								
1.58135	1.94312	1.47883	1.7922	1.75537	2.15899							1.61201	1.9801	1.80829	2.22117	1.95562	2.4022								
1.58938	1.94369	1.48542	1.79173	1.76093	2.15552							1.61997	1.98042	1.81675	2.22094	1.96074	2.39703								
1.5974	1.94424	1.49199	1.79125	1.76652	2.1521							1.62794	1.98074	1.82521	2.22072	1.96587	2.39193								
1.60542	1.94479	1.49857	1.79078	1.77212	2.14874							1.63592	1.98107	1.83367	2.22049	1.97102	2.38689								
1.61344	1.94533	1.50515	1.79031	1.77774	2.14542							1.64391	1.9814	1.84213	2.22027	1.97618	2.38191								
1.62145	1.94585	1.51172	1.78984	1.78337	2.14216							1.6519	1.98174	1.85059	2.22006	1.98135	2.37699								
1.62945	1.94637	1.51828	1.78937	1.78901	2.13894							1.6599	1.98207	1.85905	2.21984	1.98653	2.37213								
1.63745	1.94687	1.52485	1.7889	1.79468	2.13578							1.6679	1.98242	1.86752	2.21963	1.99173	2.36733								
1.64544	1.94736	1.53141	1.78843	1.80036	2.13266							1.6759	1.98276	1.87598	2.21943	1.99694	2.36259								
1.65343	1.94784	1.53797	1.78797	1.80606	2.12959							1.68392	1.98311	1.88445	2.21922	2.00216	2.35791								
1.6614	1.94831	1.54453	1.7875	1.81177	2.12656							1.69193	1.98345	1.89291	2.21902										
1.66938	1.94876	1.55109	1.78704	1.8175	2.12359							1.69995	1.9838	1.90138	2.21883										
1.67734	1.9492	1.55764	1.78658	1.82325	2.12066							1.70798	1.98416	1.90985	2.21863										
1.6853	1.94963	1.56419	1.78612	1.82901	2.11778							1.71601	1.98451	1.91832	2.21844										
1.69325	1.95005	1.57074	1.78567	1.8348	2.11495							1.72404	1.98487	1.92679	2.21825										
1.70119	1.95045	1.57729	1.78521	1.8406	2.11216							1.73207	1.98522	1.93526	2.21806										
1.70912	1.95083	1.58384	1.78476	1.84642	2.10941							1.74011	1.98558	1.94373	2.21788										
1.71704	1.95121	1.59038	1.78431	1.85226	2.10672							1.74815	1.98593	1.9522	2.2177										
1.72495	1.95157	1.59693	1.78387	1.85811	2.10406							1.7562	1.98629	1.96068	2.21752										
1.73285	1.95191	1.60347	1.78342	1.86399	2.10146							1.76425	1.98665	1.96915	2.21735										
1.74074	1.95224	1.61001	1.78298	1.86989	2.0989							1.7723	1.98701	1.97763	2.21717										
1.74862	1.95255	1.61656	1.78254	1.8758	2.09638							1.78035	1.98736	1.9861	2.217										
1.75648	1.95285	1.6231	1.7821	1.88174	2.0939							1.78841	1.98772	1.99458	2.21683										
1.76434	1.95313	1.62964	1.78167	1.8877	2.09148							1.79647	1.98807	2.00306	2.21667										
1.77218	1.95339	1.63617	1.78124	1.89368	2.08909							1.80453	1.98843												
1.78001	1.95364	1.64271	1.78081	1.89968	2.08675							1.81259	1.98878												
1.78782	1.95386	1.64925	1.78039	1.9057	2.08446							1.82065	1.98914												
1.79562	1.95407	1.65579	1.77996	1.91175	2.08221							1.82872	1.98949												
1.8034	1.95427	1.66232	1.77954	1.91782	2.08							1.83678	1.98984												
1.81117	1.95444	1.66886	1.77913	1.92391	2.07784							1.84485	1.99019												
1.81892	1.95459	1.67539	1.77872	1.93003	2.07572							1.85292	1.99054												
1.82665	1.95473	1.68193	1.77831	1.93617	2.07364							1.86099	1.99088												
1.83436	1.95484	1.68846	1.7779	1.94234	2.07161							1.86906	1.99123												
1.84206	1.95493	1.695	1.77749	1.94853	2.06963							1.87714	1.99157												
1.84973	1.955	1.70153	1.77709	1.95475	2.06769							1.88521	1.99191												
1.85739	1.95505	1.70807	1.7767	1.961	2.06579							1.89328	1.99224												
1.86502	1.95508	1.7146	1.7763	1.96728	2.06394							1.90136	1.99258												
1.87264	1.95508	1.72114	1.77591	1.97358	2.06214							1.90943	1.99291												
1.88023	1.95507	1.72767	1.77552	1.97992	2.06037							1.91751	1.99324												
1.8878	1.95502	1.7342	1.77513	1.98628	2.05866							1.92558	1.99357												
1.89534	1.95496	1.74074	1.77475	1.99267	2.05699							1.93366	1.9939												
1.90286	1.95486	1.74727	1.77437	1.9991	2.05536							1.94173	1.99422												
1.91036	1.95475	1.75381	1.774	2.00556	2.05378							1.9498	1.99454												
1.91783	1.95461	1.76034	1.77362									1.95788	1.99486												
1.92527	1.95444	1.76688	1.77326									1.96595	1.99517												
1.93268	1.95425	1.77341	1.77289									1.97403	1.99548												
1.94007	1.95403	1.77995	1.77253									1.9821	1.99579												
1.94743	1.95378	1.78648	1.77216									1.99017	1.9961												
1.95476	1.95351	1.79302	1.77181									1.99824	1.9964												
1.96207	1.95321	1.79955	1.77145									2.00631	1.9967												
1.96934	1.95288	1.80609	1.7711																						
1.97658	1.95253	1.81263	1.77075																						
1.9838	1.95215	1.81917	1.77041																						
1.99098	1.95174	1.8257	1.77007																						
1.99813	1.95131	1.83224	1.76973																						
2.00525	1.95085	1.83878	1.76939																						
		1.84532	1.76906																						
		1.85186	1.76873																						
		1.8584	1.7684																						
		1.86494	1.76808																						
		1.87148	1.76776																						
		1.87803	1.76744																						
		1.88457	1.76713																						
		1.89111	1.76681																						
		1.89766	1.7665																						
		1.9042	1.7662																						
		1.91075	1.76589																						
		1.91729	1.76559																						
		1.92384	1.76529																						
		1.93039	1.765																						
		1.93694	1.76471																						
		1.94349	1.76442																						
		1.95004	1.76413																						
		1.95659	1.76384																						
		1.96314	1.76356																						
		1.96969	1.76328																						
		1.97624	1.76301																						
		1.9828	1.76273																						
		1.98935	1.76246																						
		1.9959	1.76219																						
		2.00246	1.76192																						
